"city_code","wages_less0.25","wages_0.25to0.5","wages_0.5to1","wages_1to2","wages_2to3","wages_3to5","wages_5to10","wages_10to15","wages_15to20","wages_20to30","wages_30plus","wages_noWage","wages_avg"
1100015,3.86,4.97,25.29,15.9,4.08,2.89,1.42,0.16,0.09,0.07,0.04,41.24,0.8458125
1100023,1.64,2.58,21.38,21.07,6.71,4.72,2.97,0.35,0.31,0.1,0.1,38.04,1.222475
1100031,3.83,4.36,26.43,15.26,4.23,3.19,1.15,0.19,0.08,0.11,0.02,41.15,0.8439
1100049,2.04,2.8,22.78,19.97,6.34,4.9,3.07,0.36,0.31,0.14,0.09,37.18,1.232
1100056,3.24,4.23,28.74,16.8,5.43,4.29,1.99,0.3,0.17,0.08,0.1,34.62,1.0653625
1100064,2.83,3.73,27.46,16.4,5.39,4.41,2.26,0.32,0.18,0.08,0.04,36.9,1.0571625
1100072,4.7,4.57,24.37,16.54,4.91,2.58,1.16,0.15,0.05,0.03,0.01,40.93,0.8107125
1100080,5.1,6.99,22.19,12.45,3.78,2.98,1.87,0.15,0.07,0.01,0.07,44.35,0.8005875
1100098,2.69,3.8,22.4,18.44,5.19,3.67,2.08,0.2,0.17,0.03,0.04,41.28,0.972375
1100106,2.84,3.45,20.25,14.97,4.83,4.31,2.72,0.39,0.21,0.09,0.05,45.9,1.0166125
1100114,2.33,3.23,23.03,18.95,4.86,3.81,2.28,0.22,0.19,0.06,0.05,40.99,1.0105625
1100122,2.05,2.43,21.96,21.08,6.53,5.19,3.33,0.5,0.35,0.15,0.11,36.31,1.3099875
1100130,3.7,5.94,22.37,13.49,4.2,3,1.46,0.15,0.11,0.06,0.02,45.51,0.79515
1100148,6.49,7.54,24.02,14.14,3.71,2.78,1.31,0.14,0.11,0.05,0.02,39.68,0.7942
1100155,3,3.47,25.52,19.1,5.33,4.55,2.66,0.33,0.25,0.11,0.08,35.6,1.1496625
1100189,2.33,2.63,25.33,21.16,6.09,4.48,2.81,0.34,0.25,0.13,0.1,34.35,1.2140125
1100205,1.32,1.7,16.24,21.1,8.28,6.7,4.84,0.78,0.65,0.3,0.16,37.91,1.620225
1100254,3.34,4.18,26.57,14.3,4.67,3.88,1.9,0.25,0.12,0.05,0.03,40.71,0.926
1100262,3.89,5.51,23.09,16.63,3.71,2.86,1.47,0.04,0.29,0.11,0.07,42.33,0.8746625
1100288,3.05,3.1,25.57,20.23,5.9,4.55,2.51,0.28,0.22,0.06,0.07,34.47,1.141725
1100296,4.43,5.02,25.42,16.17,4.3,2.92,1.72,0.21,0.16,0.08,0.05,39.51,0.90565
1100304,1.4,2.44,21.91,22.21,7.37,6.09,3.69,0.51,0.4,0.25,0.11,33.62,1.443975
1100320,5.66,6.29,23.74,13.53,3.91,2.57,1.2,0.14,0.09,0.05,0.04,42.77,0.7670375
1100338,4.51,5.87,23.05,13.73,3.37,2.1,1.27,0.1,0.1,0.04,0.01,45.86,0.7186125
1100346,5.86,5.67,23.26,15.06,4.41,3.21,1.43,0.22,0.18,0.06,0.08,40.56,0.8801625
1100379,6.19,7.71,23.56,12.3,2.95,2.28,0.96,0.09,0.1,0.01,0.01,43.84,0.6767875
1100403,6.32,7.17,24.86,15.44,4.37,2.63,1.32,0.16,0.06,0.06,0.06,37.54,0.8376875
1100452,4.01,5.04,22.62,16.86,4.58,3.2,1.51,0.14,0.1,0.06,0.05,41.83,0.872225
1100502,4.62,4.66,25.29,12.68,3.64,2.1,0.92,0.13,0.06,0.01,0.02,45.88,0.68815
1100601,3.74,5.59,22.16,15.97,5.04,3.82,2.09,0.28,0.09,0,0.13,41.11,0.9613625
1100700,4.05,5.39,20.48,13.03,3.21,1.85,1.1,0.09,0.09,0.01,0.08,50.63,0.6696375
1100809,1.97,2.64,22.86,17.87,5.31,3.66,1.57,0.14,0.17,0.06,0.04,43.71,0.925475
1100908,5.8,5.47,26.43,16.28,3.99,2.67,1.75,0.2,0.03,0.03,0.1,37.27,0.8829875
1100924,2.63,2.94,19.98,22.43,5.88,3.64,1.48,0.07,0.09,0.06,0.04,40.75,0.959
1100940,3.86,4.6,20.04,18.47,5.9,4.02,1.91,0.32,0.22,0.04,0.07,40.54,1.0153
1101005,5.89,6.23,23.42,12.42,3.56,2.69,1.35,0.1,0.06,0.01,0.07,44.2,0.7443875
1101104,6.31,4.43,22.02,18.2,4.84,3.34,1.32,0.12,0.04,0.04,0.04,39.29,0.8681375
1101203,5.31,4.75,21.47,15.34,4.89,2.79,1.32,0.08,0.13,0.04,0.06,43.82,0.8158125
1101302,6.27,7.15,27.7,13.87,3.3,2.94,1.21,0.08,0.11,0.09,0.07,37.2,0.8218875
1101401,3.92,4.9,22.59,18.57,4.45,2.64,1.37,0.15,0.17,0.08,0.03,41.13,0.87325
1101435,5.78,6.38,25.09,12,3.16,2.39,1.08,0.08,0.08,0.03,0.06,43.86,0.71165
1101450,4.6,4.63,21.76,14.4,5.37,2.58,1.2,0.08,0.13,0.05,0.08,45.12,0.8047625
1101468,5.13,4.16,21.15,17.22,5.67,4.26,1.62,0.27,0.16,0,0.11,40.26,0.97375
1101476,5.98,4.87,23.16,15.19,4.37,3.46,1.85,0.2,0.1,0.1,0.03,40.67,0.8976625
1101484,8.62,6.68,26.4,15.59,3.8,2.47,1.14,0.12,0.04,0.08,0.04,35.05,0.81175
1101492,4.79,5.14,23.69,14.86,4.19,3.01,1.58,0.17,0.14,0.02,0.02,42.38,0.832225
1101500,5.28,6.19,22.98,12.59,3.58,2.18,1.14,0.11,0.04,0.06,0.07,45.76,0.7165625
1101559,5.47,5.57,25.63,16.9,4.36,3.52,1.78,0.17,0.05,0.02,0.07,36.44,0.9195875
1101609,6.18,6.37,24.1,14.13,3.1,2.33,1.2,0.07,0.1,0.02,0.02,42.38,0.7299875
1101708,5.03,5.39,24.32,14.25,4.19,3.18,1.52,0.14,0.06,0.02,0.04,41.84,0.8198875
1101757,5.61,7.67,22.59,12.48,2.88,2.84,1.44,0.12,0.08,0.03,0.04,44.24,0.7415125
1101807,5.61,6.08,23.78,13.18,3.5,3.05,1.7,0.12,0.1,0.01,0.1,42.78,0.814875
1200013,4.34,6.17,24.62,11.5,2.39,2.14,1.06,0.1,0.07,0.05,0.05,47.5,0.6682375
1200054,3.65,5.57,17.23,12.34,3.19,3.12,1.38,0.15,0.04,0.04,0,53.28,0.6881375
1200104,5.67,6.73,23.59,11.75,2.92,3.1,1.74,0.18,0.15,0.05,0.03,44.09,0.7903375
1200138,4.76,6.24,23.5,13.04,2.41,2.46,1.27,0.18,0.15,0.09,0.02,45.89,0.7383
1200179,6.04,6.03,22.91,12.94,2.86,2.1,1.35,0.13,0.12,0.01,0.03,45.48,0.7091375
1200203,4.28,5.58,21.54,12.04,3.14,3.27,2.03,0.25,0.2,0.07,0.07,47.54,0.840075
1200252,5.44,6.54,25.47,11.94,3.36,2.8,1.88,0.3,0.21,0.09,0.05,41.91,0.857
1200302,5.59,6.95,16.79,8.26,1.69,1.85,0.91,0.1,0.04,0.04,0.04,57.73,0.5158625
1200328,4.56,7.21,15.9,7.58,1.87,0.99,0.74,0.05,0.09,0,0.02,60.98,0.4412375
1200336,7.36,7.51,19.11,10.57,2.06,1.86,1.09,0.08,0.05,0.03,0.05,50.24,0.5973375
1200344,4.36,6.73,18.14,11.8,2.56,2.09,1.38,0.08,0.15,0.12,0.05,52.53,0.6815375
1200351,4.11,7.27,15.92,6.77,1.63,0.74,0.38,0.04,0.04,0.01,0.01,63.07,0.3748375
1200385,4.5,6.01,24.07,11.64,2.44,2.03,1.43,0.13,0.1,0.05,0.03,47.56,0.6936125
1200393,4.12,5.69,12.9,9.52,2.15,1.53,0.51,0.07,0.03,0.05,0.03,63.4,0.4598875
1200401,2.16,2.45,22.22,16.58,5.4,5.41,4.09,0.69,0.52,0.25,0.16,40.07,1.3758375
1200427,7.91,9.78,16.22,7.79,1.66,1.17,0.5,0.04,0.02,0.01,0.01,54.88,0.43475
1200435,2.08,3.33,12.72,9.16,2.5,1.41,1.35,0.16,0.13,0.03,0,67.14,0.5208875
1200450,4.99,5.24,24.24,14.83,3.18,2.85,1.8,0.15,0.11,0.1,0.08,42.42,0.851875
1200500,4.76,6.15,23.56,10.23,2.39,2.6,1.25,0.12,0.09,0.05,0.04,48.75,0.6778625
1200609,4.69,6.93,20.17,8.29,1.9,1.89,1.1,0.13,0.09,0.05,0.06,54.7,0.5814375
1200708,5,6.76,22.03,12.2,2.81,2.65,1.56,0.18,0.09,0.06,0.04,46.61,0.744575
1200807,4.51,4.79,24.34,9.62,1.64,1.6,0.8,0.08,0.09,0,0.01,52.52,0.5498375
1300029,2.67,4.56,17.99,9.65,1.72,0.97,0.35,0.07,0.04,0.02,0.03,61.92,0.44125
1300060,3.88,6.25,17.56,5.18,1.09,0.96,0.57,0.03,0.04,0.04,0.01,64.38,0.3746875
1300086,5.9,8.55,20.34,9.28,1.24,1.69,0.59,0.04,0.07,0.03,0.01,52.27,0.5091625
1300102,7.91,10.65,20.91,7.84,1.62,1.11,0.72,0.15,0.07,0.02,0.02,48.99,0.5150375
1300144,4.16,4.37,19.83,14.71,3.09,2.18,1.1,0.12,0.07,0.02,0.08,50.26,0.6993625
1300201,5.54,3.64,14.94,5.87,1.75,1.19,0.55,0.09,0.03,0.01,0.02,66.38,0.3852
1300300,5.88,8.52,21.35,7.79,1.77,1.47,0.73,0.11,0.08,0.02,0.05,52.25,0.529175
1300409,3.67,3.82,13.25,7.35,1.62,1.13,0.89,0.1,0.11,0.03,0.02,68.02,0.430825
1300508,10.1,11.54,16.99,5.16,1.26,0.88,0.41,0.06,0.06,0.01,0.01,53.53,0.3943
1300607,7.05,7.37,20.34,7.44,1.37,1.22,0.77,0.07,0.05,0.04,0.03,54.25,0.4867125
1300631,6.86,7.25,16.91,6.58,1.91,1.31,0.84,0.08,0.13,0.06,0,58.07,0.4807625
1300680,5.92,7.96,16.55,6.16,1.28,1.1,0.56,0.08,0.03,0.01,0.01,60.35,0.399925
1300706,6.08,7.21,21.9,8.82,1.71,1.65,0.98,0.09,0.08,0.04,0.03,51.43,0.5652875
1300805,7.64,6.72,15.92,6.24,1.24,1,0.61,0.07,0.06,0.04,0.04,60.43,0.4153
1300839,4,5.76,21.33,7.65,1.83,1.59,0.85,0.07,0.13,0.01,0.01,56.76,0.516425
1300904,4.65,5.33,18.05,7.27,1.49,1.28,0.78,0.09,0.04,0.04,0.02,60.96,0.4572375
1301001,9.33,8.45,17.5,9.22,1.73,1.4,0.71,0.12,0.07,0.05,0.03,51.4,0.5258125
1301100,6.15,6.68,18.96,7.74,2.19,0.99,0.53,0.01,0.02,0.03,0.01,56.69,0.448075
1301159,5.7,7.97,21.56,8.42,1.54,0.98,0.36,0.05,0.02,0,0.01,53.39,0.4495875
1301209,3.44,4.74,19.37,10.21,2.45,2.02,1.16,0.16,0.11,0.07,0.06,56.22,0.6286
1301308,6.93,10.42,20.2,6.46,1.65,1.29,0.71,0.05,0.09,0.03,0.03,52.15,0.4894
1301407,8.72,7.85,18.88,6.72,1.59,1.41,0.76,0.13,0.1,0.04,0.06,53.75,0.5085375
1301506,7.62,8.8,18.28,5.94,1.09,1.33,0.6,0.09,0.03,0,0.03,56.19,0.4292
1301605,6.13,8.16,16.23,6.59,1.39,1.15,0.68,0.11,0.07,0.03,0.02,59.44,0.43775
1301654,5.37,4.7,16.16,7.9,1.2,1.22,0.56,0.06,0.04,0.06,0.01,62.71,0.42405
1301704,3.74,4.8,22.33,9.22,2.52,2.21,1.46,0.18,0.13,0.04,0.07,53.31,0.670275
1301803,6.1,6.37,18.02,5.5,0.86,0.81,0.44,0.05,0.05,0.02,0.02,61.76,0.3696875
1301852,4.23,4.87,24.97,11.06,2.67,2.05,0.98,0.07,0.07,0.05,0.06,48.93,0.6557625
1301902,5.87,6.31,23.79,10.32,2.83,2.4,1.38,0.13,0.13,0.05,0.06,46.74,0.7113125
1301951,5.77,5.34,12.08,5.22,1.13,0.73,0.4,0.02,0.03,0,0.05,69.24,0.31355
1302009,6.15,6.57,21.07,9.04,2.31,1.59,1.23,0.16,0.22,0.05,0.06,51.55,0.6362375
1302108,2.1,5.88,17.91,10.57,1.89,1.37,0.6,0.07,0.04,0,0.04,59.54,0.494975
1302207,5.7,7.77,17.81,7.1,1.73,1.56,0.57,0.09,0.06,0.05,0.04,57.53,0.4781125
1302306,8.1,10.35,16.59,5.99,1.79,1.11,0.48,0.09,0.08,0.02,0.05,55.37,0.4437375
1302405,7.72,8.07,19.06,6.91,1.49,1.12,0.68,0.05,0.05,0.03,0.03,54.77,0.4607125
1302504,5.97,5.91,23.44,9.86,2.62,2.22,1.17,0.14,0.11,0.04,0.04,48.49,0.6615875
1302553,8.64,9.13,23.02,7.8,1.7,0.87,0.52,0.05,0.03,0.04,0.01,48.2,0.4862875
1302603,1.17,1.84,19,18.74,5.99,4.75,3.49,0.62,0.55,0.28,0.18,43.39,1.332675
1302702,5.4,7.62,20.15,9.16,2.24,1.91,0.75,0.06,0.11,0.04,0.04,52.51,0.568
1302801,5.45,4.97,18.07,6.87,1.23,0.8,0.44,0.03,0.08,0.02,0.04,61.99,0.4013375
1302900,10.47,9.42,19.84,7.05,1.51,1.17,0.77,0.12,0.04,0.02,0.05,49.54,0.50035
1303007,8.43,9.28,17.85,5.1,0.95,0.84,0.55,0.08,0.06,0.04,0.01,56.82,0.39835
1303106,6.32,8.37,18.67,7.33,1.46,0.93,0.49,0.07,0.05,0.02,0.09,56.2,0.4571125
1303205,4.85,5.84,21.06,9.77,2.08,1.57,0.94,0.16,0.06,0.04,0.02,53.61,0.570325
1303304,5.64,7.93,20.13,8.08,1.67,1.24,0.5,0.1,0.06,0.04,0.03,54.58,0.4868625
1303403,8.68,9.31,24.77,7.71,2.24,1.99,1.12,0.19,0.12,0.07,0.04,43.76,0.6518875
1303502,6.38,7.11,16.31,7.04,1.21,1.08,0.53,0.08,0.02,0.02,0.04,60.17,0.4142375
1303536,2.22,3.94,21.62,14.06,4.66,3.69,1.59,0.27,0.16,0.1,0.04,47.64,0.875475
1303569,2.85,4.83,26.78,12.22,2.26,1.62,0.76,0.1,0.05,0.05,0.05,48.43,0.6364375
1303601,4.2,3.12,10.76,4.65,1.72,0.81,0.43,0.06,0.04,0.02,0.02,74.18,0.3058
1303700,5,6.61,15.01,6.15,0.94,0.87,0.47,0.06,0.03,0.02,0.01,64.83,0.3564125
1303809,2.35,2.41,13.85,7.68,2.54,2.07,1.91,0.27,0.17,0.05,0.04,66.65,0.6115375
1303908,7.46,9.35,17.04,5.1,0.83,0.71,0.47,0.03,0.02,0.02,0.02,58.95,0.3606625
1303957,8.29,10.1,20.77,7.71,2.24,1.29,0.42,0.04,0.05,0.01,0.04,49.05,0.497375
1304005,7.12,8.66,19.87,8.78,2.14,1.42,0.87,0.1,0.03,0.06,0.02,50.93,0.5453
1304062,5.52,5.47,19.33,8.41,2.31,2.17,1.55,0.33,0.14,0.04,0.04,54.69,0.6539875
1304104,11.65,9.82,18.25,6.44,0.93,1.34,0.81,0.06,0.06,0.02,0.01,50.61,0.463025
1304203,5.57,6.35,23.32,10.54,3,2.7,1.7,0.25,0.17,0.04,0.05,46.31,0.7672375
1304237,3.39,4.73,16.26,5.77,1.02,0.86,0.48,0.07,0.02,0.02,0.02,67.37,0.3538625
1304260,3.56,8.06,19.4,8.56,1.49,1.05,0.63,0.06,0.07,0.05,0.04,57.03,0.483775
1304302,8.3,8.58,19.38,8.46,2.21,1.46,0.76,0.15,0.12,0.06,0.03,50.47,0.559575
1304401,6.77,8.6,20.49,7.15,1.66,1.36,0.61,0.06,0.08,0.02,0.02,53.17,0.48425
1400027,2.8,2.95,16.02,5.55,1.52,1.4,0.51,0.08,0.03,0.02,0.02,69.1,0.3799625
1400050,3,2.89,16.09,5.67,1.85,1.88,1,0.07,0.03,0.02,0.01,67.49,0.4425125
1400100,1.79,2.51,23.01,15.14,5.44,5.54,5.06,0.83,0.54,0.3,0.17,39.68,1.4749125
1400159,3.32,4.42,20.35,7.53,2.22,1.64,1.14,0.17,0.1,0.05,0.01,59.06,0.5513
1400175,3.48,4.5,20.4,7.08,2.24,2.31,1.68,0.19,0.13,0.06,0.06,57.87,0.638675
1400209,3.75,4.06,24.52,9.56,2.82,2.52,1.65,0.18,0.08,0.04,0.02,50.79,0.69945
1400233,5.42,8.25,21.34,12.31,3.15,2.88,1.1,0.13,0.08,0.03,0.08,45.22,0.7273875
1400282,4.16,4.15,20.49,8.47,1.76,1.73,1.18,0.09,0.03,0.01,0,57.92,0.5273875
1400308,3.55,3.56,23.99,8.85,2.56,2.53,1.53,0.19,0.09,0.03,0.09,53.04,0.68885
1400407,3.38,4.67,13.51,7.72,2.24,2.38,1.07,0.13,0.05,0,0.03,64.8,0.5085375
1400456,3.01,3.8,17.22,8.62,3.37,3.29,1.69,0.27,0.15,0.05,0.11,58.4,0.728325
1400472,4.23,4.48,22.48,8.61,2.53,1.88,1.25,0.11,0.05,0.05,0.05,54.28,0.607325
1400506,6,5.99,22.85,12.46,2.97,2.71,1.69,0.13,0.06,0.08,0.04,45.02,0.7638875
1400605,3.45,4,20.58,11.56,2.55,2.57,1.68,0.07,0.05,0.05,0.04,53.39,0.685925
1400704,5.18,5.86,9.65,3.75,1.82,1.1,0.47,0.04,0.08,0.04,0.11,71.91,0.3503
1500107,7.88,8.18,21.22,8.6,2.33,1.61,0.94,0.1,0.05,0.02,0.02,49.06,0.563925
1500131,5.71,6.93,27.37,12.92,2.53,2.03,1.07,0.07,0.13,0.06,0.07,41.1,0.7315375
1500206,7.89,9.41,22.25,6.47,1.13,0.68,0.38,0.04,0.02,0,0,51.73,0.4113875
1500305,4.4,6.51,16.61,5.06,1.22,0.71,0.44,0.04,0.01,0.01,0.01,64.98,0.3400375
1500347,2.11,2.86,26.13,17.45,2.24,1.18,0.58,0.06,0.03,0.03,0.04,47.3,0.652675
1500404,8.54,9.72,20.8,5.62,1.31,0.95,0.57,0.07,0.02,0.01,0.01,52.38,0.42935
1500503,4.76,6.37,17.56,10.34,3.82,3.57,2.48,0.46,0.27,0.15,0.11,50.09,0.9221375
1500602,3.62,4.48,23.86,14.14,4.49,3.29,2.02,0.26,0.2,0.08,0.08,43.48,0.92375
1500701,9.41,15.33,18.88,5.5,1.77,0.79,0.51,0.06,0.05,0.05,0.03,47.63,0.4569625
1500800,2.14,2.82,23.93,16.53,5.01,3.72,2.43,0.32,0.21,0.09,0.05,42.75,1.0139
1500859,6.54,7.34,18.01,9.23,2.3,1.6,1.14,0.06,0.09,0.04,0.04,53.61,0.56965
1500909,12.69,10.14,16.78,3.82,0.7,0.58,0.26,0.03,0.02,0,0.01,54.97,0.32335
1500958,6.33,8.8,21.01,5.07,1.03,0.69,0.3,0.03,0.04,0.01,0,56.69,0.37155
1501006,7.74,7.75,15.14,4.57,1.24,0.91,0.35,0.03,0.07,0.02,0.01,62.17,0.3481625
1501105,8.66,11.97,18.63,6,0.75,0.51,0.23,0.01,0.05,0.01,0.01,53.15,0.3681625
1501204,7.9,11.48,23.32,7.16,1.16,0.96,0.31,0.03,0.03,0,0.01,47.63,0.44775
1501253,6.1,5.77,23.39,14.8,2.94,1.76,1.43,0.22,0.26,0.11,0.07,43.15,0.8069625
1501303,4.68,6.05,19.71,12.32,4.49,3.04,1.62,0.2,0.09,0.04,0.04,47.7,0.7851125
1501402,1.87,2.53,22.99,15,5.17,4.64,4.27,0.9,0.71,0.37,0.21,41.35,1.4389375
1501451,7.9,6.72,18.83,8.77,2.25,1.74,1.01,0.04,0.01,0.02,0.01,52.7,0.534075
1501501,3.6,4.19,25.81,14.98,3.15,2.1,1.22,0.12,0.08,0.03,0.02,44.69,0.7397375
1501576,5.99,7.53,27.53,10.61,2.01,1.48,0.9,0.23,0.09,0.03,0.01,43.59,0.6407875
1501600,10.26,11.01,26.31,5.33,0.9,0.57,0.34,0.07,0.04,0.04,0.01,45.13,0.4437625
1501709,8.04,8.89,23.91,8.08,1.97,1.68,1.05,0.13,0.08,0.03,0.02,46.11,0.5929125
1501725,5.67,6.44,22.66,10.04,2.4,2.08,1.49,0.2,0.21,0.12,0.13,48.57,0.744575
1501758,8.35,7.34,24.11,9.63,2.13,1.26,0.92,0.17,0.12,0.03,0,45.92,0.596075
1501782,6.16,7.65,23.61,8.98,1.86,1.14,0.58,0.06,0.03,0.02,0.02,49.87,0.5152125
1501808,5.66,9.49,19.91,6.38,1.6,1.31,0.69,0.09,0.05,0.03,0.01,54.78,0.4694125
1501907,10.66,11.4,22.1,6.2,0.78,0.5,0.32,0.04,0.04,0.02,0.01,47.94,0.41165
1501956,10.11,11.17,17.11,5.27,0.52,0.33,0.14,0.01,0.02,0,0.01,55.33,0.3189875
1502004,8.42,8.97,21.22,5.79,1.11,0.94,0.37,0.01,0.01,0.02,0,53.13,0.4017875
1502103,7.92,10.22,19.82,5.49,1.25,0.97,0.57,0.05,0.03,0.02,0.01,53.66,0.421425
1502152,2.84,3.24,19.54,16.52,5.2,4.16,2.47,0.31,0.27,0.07,0.07,45.31,1.01975
1502202,9.61,6.88,24.89,9.64,2.9,2.5,1.73,0.21,0.11,0.05,0.03,41.44,0.75035
1502301,9.5,10.76,22.88,5.8,1.08,0.95,0.63,0.07,0.07,0.02,0.02,48.22,0.46695
1502400,3.73,3.85,26.88,13.25,3.67,2.78,1.83,0.24,0.15,0.05,0.05,43.54,0.8480625
1502509,5.64,6.58,18.31,3.65,0.78,1.32,0.29,0.05,0.01,0.01,0.02,63.33,0.3414
1502608,8.81,8.58,22.65,6.54,1.59,1.13,0.55,0.13,0.04,0.01,0.01,49.95,0.477125
1502707,4.92,5.91,26.09,10.4,2.94,2.42,1.56,0.17,0.13,0.05,0.06,45.35,0.7479375
1502756,8.83,10.22,24.78,7.67,1.32,0.9,0.56,0.06,0.02,0.02,0.02,45.61,0.4943
1502764,4.84,4.72,18.6,20.04,4.39,2.1,1.09,0.15,0.13,0,0.05,43.89,0.8019
1502772,4.59,4.62,24.5,11.96,2.68,1.59,0.87,0.08,0.1,0.03,0.06,48.92,0.6408
1502806,8.19,13.45,18.71,5.76,1.23,1.37,0.55,0.04,0.01,0.01,0,50.67,0.4336875
1502855,10.16,9.79,19.46,5.91,0.9,0.72,0.31,0.08,0.02,0,0,52.64,0.3847625
1502905,7.39,7.63,22.51,6.39,1.31,1.05,0.7,0.05,0.04,0.01,0,52.92,0.4547625
1502939,4.45,5.61,27.72,10.95,2.25,1.54,0.9,0.1,0.08,0.03,0.04,46.32,0.6356625
1502954,6.03,7.64,23.64,9.65,2.22,1.45,0.87,0.13,0.11,0.02,0.03,48.2,0.594025
1503002,8.95,7.33,19.65,6.18,1.36,1.36,0.48,0.02,0.03,0,0.02,54.61,0.4280875
1503044,6.25,7.77,22.64,8.27,2.11,1.63,1.01,0.1,0.09,0.02,0.08,50.02,0.5895625
1503077,12.78,12.57,19.55,6.58,1.03,0.64,0.46,0.03,0.05,0.01,0.04,46.26,0.4372625
1503093,3.9,5.22,23.48,11.35,2.55,1.43,0.87,0.09,0.13,0.04,0.02,50.94,0.611875
1503101,6.98,10.06,21.31,6.87,1.28,0.65,0.34,0.05,0.02,0,0.03,52.4,0.4203
1503200,7.16,8.17,24.98,6.95,1.5,1.33,0.84,0.06,0.06,0.01,0.01,48.93,0.5173375
1503309,8.92,11.53,20.97,5.54,1.23,0.77,0.39,0.04,0.01,0,0.01,50.59,0.4064625
1503408,6.85,7.45,27.06,7.68,1.38,1.27,0.3,0.07,0.04,0,0.02,47.86,0.4927625
1503457,3.7,6.5,23.62,6.39,0.87,0.57,0.26,0.02,0.05,0.01,0,58,0.384425
1503507,12.46,11.02,23.42,6.15,0.99,0.78,0.54,0.05,0.03,0.02,0.01,44.54,0.456325
1503606,4.55,4.94,23.97,12.42,4.02,2.86,1.61,0.18,0.15,0.05,0.05,45.19,0.807875
1503705,6.08,7.54,22.24,7.58,1.52,1.21,0.76,0.06,0.11,0.02,0.04,52.83,0.511125
1503754,4.25,2.78,13.83,14.25,4.56,2.17,1.11,0.15,0.11,0.08,0.05,56.65,0.695575
1503804,3.9,5.55,24.01,11.54,2.13,1.44,0.93,0.1,0.09,0.03,0.03,50.26,0.6090875
1503903,5.96,7.32,21.22,8.44,2.12,1.26,0.75,0.08,0.08,0.03,0.02,52.73,0.52525
1504000,11.15,13.11,16.12,4.12,0.89,0.78,0.43,0.04,0.02,0,0,53.34,0.3539375
1504059,6.68,7.8,25.4,10.09,2.31,1.87,0.96,0.14,0.09,0.03,0.03,44.62,0.6421
1504109,10.53,9.13,21.41,6.85,1.66,1.11,0.56,0.08,0,0.02,0.02,48.64,0.4727875
1504208,2.53,3.09,21.41,14.87,4.9,3.52,2.46,0.33,0.23,0.09,0.08,46.5,0.9773375
1504307,11.58,9.03,23.29,5.47,1.07,0.86,0.43,0.04,0.06,0.02,0,48.14,0.4334375
1504406,8.29,8.7,24.5,8.56,1.79,1.43,0.98,0.14,0.07,0.01,0.02,45.51,0.5792
1504422,2.91,3.04,24.25,17.05,3.85,1.91,0.71,0.07,0.04,0.02,0.01,46.15,0.70595
1504455,5.82,8.15,24.58,9.78,2.24,1.8,1.22,0.14,0.16,0.07,0.05,45.99,0.6736625
1504505,6.67,11.17,14.77,4.57,0.77,0.67,0.3,0.04,0.03,0,0.01,61,0.3196875
1504604,7.95,10.58,19.19,6.25,1.38,1.29,0.61,0.05,0.03,0.01,0.02,52.63,0.449075
1504703,6.67,8.07,21.56,9.02,1.72,0.86,0.45,0.04,0.04,0.01,0.03,51.54,0.4785875
1504802,7.98,11.14,21.34,6.41,1.61,1.56,0.68,0.05,0.05,0.01,0.01,49.16,0.492075
1504901,7.45,12.02,23.77,5.37,1.02,1.14,0.36,0.02,0.03,0.05,0.01,48.76,0.443875
1504950,11.4,10.63,17.56,6.13,0.84,0.67,0.36,0.01,0.07,0.02,0.01,52.3,0.3883125
1504976,6.44,9.33,24.73,9.13,2.34,1.44,0.79,0.07,0.13,0.04,0.03,45.52,0.5993625
1505007,11.36,8.78,26.35,7.21,1.65,1.27,0.82,0.07,0.04,0.02,0,42.43,0.5414
1505031,1.88,3.1,21.74,20.65,6.74,3.95,2.39,0.19,0.32,0.09,0.09,38.86,1.124125
1505064,4.89,7.2,22.15,9.05,2.14,1.41,0.87,0.09,0.09,0.04,0.03,52.03,0.56225
1505106,10.53,10.64,23.19,6.18,1.22,1.06,0.63,0.07,0.05,0.02,0.01,46.4,0.4785
1505205,9.99,13.26,18.05,5.28,1.11,1.02,0.41,0.01,0.01,0,0,50.84,0.391575
1505304,6.54,8.89,20.89,7.95,2.29,2.01,1.29,0.2,0.15,0.07,0.04,49.69,0.6407625
1505403,11.48,10.4,22.4,6.98,1.53,1.17,0.78,0.1,0.07,0.02,0.02,45.05,0.5197
1505437,2.07,2.73,19.91,16.56,5.32,2.83,1.6,0.14,0.15,0.06,0.06,48.58,0.8560875
1505486,5.53,6.84,18.3,6.6,1.57,1.14,0.64,0.11,0.08,0.03,0.05,59.12,0.458825
1505494,9.25,7.08,23.68,9.52,1.97,1.49,0.68,0.08,0.14,0.05,0.02,46.05,0.582925
1505502,3.54,3.98,24.49,13.78,4.04,2.77,1.58,0.19,0.19,0.04,0.04,45.35,0.82345
1505536,1.74,2.21,17.76,17.22,7.28,5.4,2.88,0.43,0.32,0.13,0.09,44.54,1.1873875
1505551,8.93,6.52,23.17,11.18,2.21,1.23,0.82,0.06,0.02,0.02,0,45.84,0.5702
1505601,8.9,6.77,23.67,6.13,1.25,1.11,0.69,0.03,0.05,0.05,0.06,51.3,0.4875125
1505635,5.8,6.95,23.38,11.79,2.55,1.47,0.86,0.04,0.11,0.01,0.02,47.01,0.6125625
1505650,7.62,10.91,22.12,6.77,1.66,0.97,0.54,0.06,0.03,0,0.04,49.28,0.4729625
1505700,11.37,9.04,21.6,5.76,1.06,1.36,0.56,0.04,0.03,0.01,0,49.16,0.446375
1505809,6.1,9.43,16.88,6.47,1.65,1.25,0.53,0.05,0.03,0.02,0.02,57.58,0.4277625
1505908,6.28,8.75,16.32,5.88,1.21,0.85,0.38,0.02,0.04,0.01,0,60.26,0.3638625
1506005,9.31,12.47,17.74,4.42,1.13,0.87,0.4,0.04,0.03,0.01,0.01,53.57,0.3781875
1506104,13.27,8.42,22.6,6.58,1.46,1.2,0.76,0.08,0.02,0.02,0.01,45.57,0.49595
1506112,15.44,10.71,21.28,6.73,1.49,1.04,0.51,0.05,0.14,0.02,0.02,42.57,0.4981625
1506138,3.26,3.77,26.94,15.32,4.3,3.23,2.07,0.25,0.28,0.09,0.09,40.4,0.9758375
1506161,3.8,5.15,26.98,15.34,3.37,2.54,1.85,0.22,0.21,0.04,0.07,40.43,0.8811125
1506187,5.26,6.32,26.83,10.54,2.28,1.65,0.95,0.12,0.1,0.02,0.02,45.91,0.633925
1506195,4.64,7.1,25.24,7.51,1.3,0.76,0.41,0.04,0.02,0.02,0.01,52.95,0.450325
1506203,6.46,6.87,27.72,11.68,3.02,2.19,1.28,0.14,0.16,0.07,0.1,40.3,0.7771125
1506302,8.3,8.51,23.99,7.67,1.74,1.89,1.05,0.12,0.11,0.02,0.02,46.58,0.5907375
1506351,4.53,5.44,25.09,11.09,2.25,1.46,0.92,0.06,0.07,0.02,0.01,49.07,0.59765
1506401,5.27,4.54,20,3.9,0.78,0.54,0.26,0.09,0.02,0,0.02,64.59,0.32005
1506500,5.1,4.94,24.36,12.09,2.9,2.02,1.18,0.12,0.08,0.06,0.01,47.15,0.684125
1506559,10.2,8.71,21.87,5.84,1.23,0.75,0.38,0.07,0.08,0.01,0.02,50.83,0.4302875
1506583,5.39,7.1,24.17,10.61,1.86,1.24,1.01,0.09,0.13,0.02,0.02,48.36,0.597375
1506609,8.55,10.8,25.74,7.93,1.76,1.52,0.99,0.1,0.1,0.04,0.04,42.45,0.604925
1506708,2.55,3.48,21.74,17.35,2.68,1.36,0.6,0.06,0.07,0.03,0.01,50.05,0.639375
1506807,4.5,5.42,23.54,11.44,3.17,2.45,1.68,0.24,0.16,0.06,0.04,47.3,0.767975
1506906,6.61,6.8,22.25,6.49,1.26,1.09,0.33,0.02,0.06,0,0.02,55.06,0.4251
1507003,8.04,7.71,25.18,10.02,2.35,1.53,0.81,0.06,0.07,0.01,0.03,44.2,0.6001125
1507102,9,9.79,25.86,8.13,1.57,1,0.63,0.05,0.02,0.01,0.01,43.92,0.5168625
1507151,7.08,7.79,27.12,9.86,2.28,1.39,0.8,0.12,0.06,0.03,0.03,43.44,0.6128125
1507201,10.52,11.08,20.02,4.73,0.91,0.6,0.35,0.04,0.02,0.01,0,51.73,0.37295
1507300,1.33,3.21,23.41,15.72,3.07,1.53,0.77,0.06,0.07,0.05,0.03,50.75,0.6636875
1507409,6.41,7.41,28.45,8.75,1.69,1.36,0.77,0.07,0.04,0.01,0.07,44.95,0.5820875
1507458,5.08,6.52,26.06,11.84,2.4,1.9,1.11,0.1,0.14,0.02,0.03,44.79,0.68045
1507466,11.82,8.99,22.94,5.73,1.33,0.73,0.27,0.1,0.02,0,0.02,48.05,0.4259625
1507474,10.43,8.74,21.97,6.13,1.25,1.17,0.61,0.06,0.05,0.02,0.02,49.54,0.466625
1507508,6.7,7.05,24.34,7.08,1.38,0.79,0.65,0.03,0.06,0.02,0.03,51.86,0.4750375
1507607,8.75,8.94,26.58,9.04,1.64,1.43,0.79,0.09,0.09,0.05,0.03,42.56,0.5963
1507706,10.43,17.3,22.27,4.67,0.9,0.72,0.38,0.04,0.04,0.01,0.01,43.24,0.425325
1507755,3.53,5.39,24.79,17.42,3.65,2.67,1.54,0.12,0.12,0.02,0.07,40.67,0.8518125
1507805,6.47,6.78,18.31,7.75,1.62,1.5,0.71,0.06,0.04,0.04,0.02,56.69,0.479425
1507904,7.29,7.56,24.34,7.36,2.02,2.24,1.37,0.15,0.17,0.05,0.02,47.43,0.649375
1507953,2.73,4.47,19.76,13.73,2.19,1.32,0.58,0.08,0.05,0.02,0.02,55.05,0.5585375
1507961,8.77,7.66,25.64,6.93,1.55,1.24,0.56,0.06,0.02,0,0.02,47.54,0.49425
1507979,8.78,8.87,23.7,9.17,1.88,1.51,0.61,0.05,0.07,0.02,0.03,45.31,0.5561625
1508001,4.67,5.53,25.39,11.63,2.62,1.54,0.93,0.09,0.11,0.03,0.07,47.38,0.6531375
1508035,12.59,9.81,20.27,4.81,0.83,0.82,0.44,0.03,0.02,0,0.01,50.37,0.3892375
1508050,3.73,5.05,21.56,14.01,3.37,2.03,0.83,0.08,0.08,0.02,0.04,49.21,0.6688125
1508084,3.13,3.82,25.69,15.87,4.3,3.13,2.02,0.23,0.28,0.07,0.07,41.39,0.953325
1508100,4.06,4.38,21.34,14.94,4.81,3.41,2.26,0.32,0.26,0.1,0.09,44.03,0.974375
1508126,2.15,3.12,21.99,13.11,2.86,1.26,0.7,0.05,0.1,0.05,0.01,54.61,0.5923
1508159,4.48,5.4,23.69,14.06,3.03,2.12,1.16,0.13,0.11,0.02,0.03,45.75,0.717075
1508209,6.88,7.5,26.9,9.97,2.06,1.76,0.85,0.11,0.06,0.01,0.01,43.91,0.612025
1508308,9.39,8.84,17.67,4.73,0.86,0.53,0.28,0.03,0.02,0,0.01,57.64,0.33405
1508357,4.43,4.91,20.69,9.02,1.94,1.17,0.69,0.15,0.11,0,0.04,56.85,0.5170125
1508407,2.53,3.49,26.3,15.88,3.86,2.8,1.85,0.22,0.23,0.09,0.07,42.67,0.9133625
1600055,3,4.68,16.61,14.11,5.47,5.68,2.49,0.36,0.06,0.18,0.15,47.21,1.057475
1600105,4.53,8.94,20.98,8.76,3.16,3.4,2.36,0.42,0.15,0.18,0.06,47.06,0.86735
1600154,4.81,7.08,19.07,13.6,4.19,4.39,1.6,0.15,0.15,0.07,0.04,44.86,0.86045
1600204,3.53,7.66,19.39,10.97,2.89,3.02,2.03,0.21,0.12,0.07,0.12,49.99,0.793575
1600212,6.62,9,21.02,8.54,2.82,2.32,1.66,0.2,0.03,0.12,0.03,47.65,0.6931
1600238,2.15,5.86,18.94,10.68,3.61,2.93,2.54,0.39,0.11,0.14,0.14,52.52,0.87255
1600253,4.28,9.01,19.26,6.54,1.84,2.06,1.24,0.06,0.03,0,0,55.66,0.5211875
1600279,4.63,5.82,20.22,14.49,3.69,2.92,1.74,0.2,0.16,0.04,0.08,46.02,0.82895
1600303,2.36,3.39,19.42,14.16,5.11,5.94,4.96,0.81,0.49,0.25,0.16,42.96,1.4115125
1600402,4.97,8.12,19.18,8.51,2.43,2.27,1.35,0.22,0.02,0.07,0.03,52.82,0.624675
1600501,1.78,3.65,18,13.48,4.33,4.1,2.84,0.29,0.28,0.12,0.09,51.06,0.9828375
1600535,2.54,5.46,20.74,11.87,3.43,2.91,1.61,0.13,0.12,0.05,0.03,51.12,0.742075
1600550,4.78,5.94,17.46,8.35,1.66,2.52,1.73,0.26,0.15,0.08,0,57.07,0.641225
1600600,3.08,4.68,20.98,12.48,4.04,4.17,2.53,0.24,0.17,0.07,0.06,47.49,0.9226
1600709,4.61,8.81,18.28,7.32,2.6,1.89,1.31,0.15,0.07,0.05,0.05,54.85,0.5888125
1600808,3.9,5.89,12.76,12.63,3.59,2.26,1.27,0.08,0.05,0.01,0.05,57.49,0.6286375
1700251,7.48,6.26,25.19,9.81,2.55,2.55,1.01,0.05,0.11,0,0.11,44.91,0.67825
1700301,6.07,4.41,27.2,14.16,3.88,2.36,1.22,0.15,0.07,0.02,0.1,40.34,0.7970125
1700350,6.16,4.62,27.86,13.34,3.48,2.6,1.08,0.17,0.06,0.02,0,40.61,0.750525
1700400,8.56,6.54,25.51,10.19,2.52,2,1.26,0.2,0.17,0.08,0.02,42.96,0.70835
1700707,4.42,4.45,29.61,16.7,4.44,3.95,2.56,0.27,0.29,0.16,0.09,33.08,1.1128125
1701002,10.34,6.28,29.27,11.86,2.31,2.53,1.4,0.11,0.13,0.09,0.1,35.58,0.799775
1701051,10.87,6.91,29.22,9.27,2.13,1.51,0.66,0.04,0,0,0.04,39.35,0.5914375
1701101,6.57,6.63,32.69,9.91,2.37,2.13,0.89,0.09,0.03,0.03,0,38.67,0.6703125
1701309,8.64,8.47,27.15,10.02,1.95,1.55,1.24,0.15,0.04,0.06,0.04,40.68,0.6637875
1701903,10,5.96,24.43,9.43,2.6,1.95,1.06,0.14,0.1,0.06,0.1,44.17,0.674525
1702000,4.68,4.27,31.12,14.46,2.62,2.79,1.43,0.23,0.15,0.08,0.05,38.12,0.8523625
1702109,2.51,2.63,27,17.05,5.14,4.34,3.58,0.51,0.44,0.21,0.15,36.45,1.2832375
1702158,5.97,5.27,27.51,10.25,2.69,1.92,0.97,0.17,0,0.12,0.02,45.1,0.6688125
1702208,7.43,7.52,26.8,7.9,2.42,2.18,1.7,0.19,0.11,0.06,0.04,43.65,0.711475
1702307,7.73,6.54,29.61,13.15,3.5,2.65,1.39,0.09,0.09,0.07,0.14,35.03,0.847425
1702406,6.06,5.62,26.66,8.79,2.72,2.32,2.46,0.18,0.19,0.14,0.13,44.73,0.843075
1702554,8.65,7.82,28.25,9.18,2.56,2.18,1.63,0.12,0.16,0.05,0.05,39.36,0.744475
1702703,6.32,5.49,25.61,9.89,2.73,1.92,1.4,0.07,0.1,0.07,0.14,46.26,0.7126125
1702901,11.33,8.34,26.1,10.25,3.02,1.99,1.13,0.12,0.05,0,0.01,37.64,0.6757
1703008,6.6,6.35,28.55,9.94,2.4,1.47,0.73,0.02,0.05,0.02,0,43.88,0.5933375
1703057,3.69,3.41,30.04,12.25,3.01,1.29,1.04,0.04,0.12,0.04,0.08,44.98,0.6959125
1703073,9.47,8.22,25.2,7.32,1.88,1.13,0.69,0.06,0.03,0,0,46,0.51
1703107,6.62,5.03,28.01,13.36,3.5,2.18,1.28,0.07,0.04,0.04,0,39.87,0.7423375
1703206,5.92,5.67,29.79,12.63,3.25,1.96,1.04,0.16,0,0.03,0,39.55,0.7140875
1703305,8.12,7.49,26.72,15.24,3.09,2.92,1.54,0.17,0,0.03,0.13,34.54,0.8546875
1703602,8.01,5.98,27.73,13.87,3.11,1.79,1.85,0.18,0,0.06,0.18,37.24,0.838075
1703701,7.57,5.72,30.07,10.95,2.2,2.55,1.65,0.12,0.12,0.07,0.05,38.94,0.7794
1703800,9.16,7.53,27.47,7.6,1.78,1.02,0.64,0.08,0.08,0,0.01,44.63,0.5314625
1703826,8,6.23,23.81,11.05,2.65,1.23,0.71,0.06,0.06,0,0,46.21,0.5743875
1703842,8.97,8.66,21.19,7.81,1.72,1.65,0.69,0.05,0.05,0,0.02,49.19,0.512725
1703867,4.76,3.56,24.67,15.66,3.94,2.14,1.17,0.25,0.03,0.03,0.03,43.76,0.770025
1703883,7.3,4.21,25.48,13.7,3.84,2.51,1.23,0.11,0.05,0,0.16,41.42,0.7897875
1703891,12.78,8.56,24.99,8.16,2.17,0.75,0.64,0.04,0.07,0,0,41.85,0.523375
1703909,7.19,7.08,24.79,11.1,3.44,2.1,1.86,0.16,0.14,0.05,0.05,42.03,0.77845
1704105,11.91,6.1,22.29,6.63,2.31,1.83,0.53,0.14,0,0.05,0.1,48.13,0.549975
1704600,7.5,6.08,30.16,14.73,2.56,1.23,0.44,0.09,0,0,0.09,37.13,0.67315
1705102,7.02,5.18,25.67,7.39,1.5,1.24,0.68,0.08,0.15,0.11,0.11,50.88,0.5752
1705508,4.21,4.52,29.01,14.12,3.99,3.51,2.56,0.31,0.31,0.11,0.12,37.24,1.0455
1705557,7.95,7.3,26.27,15.1,2.77,2.64,2.01,0.29,0.13,0.05,0.05,35.43,0.882875
1705607,7.68,7.74,25.91,9.3,2.46,1.83,1.17,0.12,0.12,0.03,0,43.66,0.648
1706001,10.76,7.39,25.66,8.8,2.5,1.61,0.79,0.27,0.17,0.05,0.02,41.95,0.6472125
1706100,3.87,4.9,31.2,12.33,2.76,2.66,2.19,0.35,0.25,0.12,0.12,39.25,0.94015
1706258,10.46,3.62,29.17,13.68,2.67,2.2,1.26,0.16,0.08,0.08,0,36.64,0.76695
1706506,8.19,7.29,28.33,9.8,2.51,1.11,0.8,0.02,0.09,0.05,0.02,41.78,0.6111875
1707009,3.52,4.62,26.75,12.75,4.18,3.64,2.87,0.33,0.3,0.23,0.12,40.68,1.0706
1707108,7.46,6.13,28.77,12.76,2.81,2.18,1.73,0.11,0.09,0.15,0.13,37.64,0.8420125
1707207,8.88,5.7,29.24,10.04,1.99,1.69,0.79,0.1,0.12,0.02,0.03,41.4,0.637575
1707306,5,4.66,31.72,13.23,2.05,2.05,1.58,0.21,0.16,0.11,0.13,39.11,0.838825
1707405,7.77,7.51,23.8,5.26,1.23,0.59,0.33,0.01,0.03,0.03,0.01,53.42,0.4010875
1707553,5.93,5.81,28.74,12.98,3.6,2.42,1.47,0.16,0.16,0.16,0.03,38.53,0.8409125
1707652,7.48,4.92,27.66,14.95,3.47,2.55,1.82,0.18,0.2,0.31,0.15,36.33,0.9741
1707702,5.43,5.27,25.74,8.19,1.92,1.54,1.16,0.13,0.1,0,0.07,50.46,0.6005875
1708205,4.92,4.59,25.78,14.65,3.58,2.64,1.58,0.17,0.15,0.1,0.05,41.79,0.8437125
1708254,5.73,4.78,27.14,14.59,2.99,3.54,1.34,0,0.1,0,0,39.79,0.789
1708304,7.37,7.54,27.61,10.49,1.92,1.84,1.08,0.1,0.02,0.07,0.02,41.93,0.653225
1709005,10.36,6.37,21.64,6.7,1.79,1.25,0.85,0.12,0.05,0.01,0.02,50.82,0.5033375
1709302,3.7,4.57,28.73,14.39,4.36,4.35,3.3,0.36,0.27,0.12,0.12,35.72,1.1464625
1709500,2.5,2.92,26.68,17.76,6.09,5.32,4.36,0.62,0.55,0.23,0.18,32.79,1.461
1709807,7.71,6.48,29.45,15.03,2.78,1.54,0.62,0.08,0.08,0.08,0,36.16,0.7115
1710508,8.71,9.64,28.09,8.35,2.33,1.59,1.28,0.09,0.05,0.09,0.04,39.74,0.6662
1710706,8.75,7.52,26.56,7.56,2.37,1.1,0.92,0.19,0.08,0.02,0.06,44.87,0.595675
1710904,13.03,10.12,31.3,10.23,2.46,1.42,1.32,0.17,0.1,0.07,0.03,29.74,0.741275
1711100,9.35,5.98,30.81,12.51,2.67,1.93,0.84,0.25,0.1,0,0.1,35.46,0.750225
1711506,6.95,5.73,29.57,13,2.99,1.95,1.22,0.17,0.21,0,0.1,38.12,0.7878875
1711803,7.68,5.8,22.31,9.88,1.66,1.27,0.33,0,0.06,0.17,0,50.86,0.526525
1711902,3.76,4.85,30.04,15.23,3.25,2.26,1.64,0.21,0.24,0.03,0.08,38.42,0.8757375
1711951,10.17,6.83,19.99,9.64,1.75,0.72,0.99,0.08,0.04,0,0,49.81,0.5093625
1712009,7.1,3.73,21.79,15.41,4.4,3.05,2.92,0.4,0.27,0.18,0.04,40.7,1.0315625
1712157,8.24,6.77,29.63,10.42,2.1,1.48,0.86,0.16,0.16,0,0,40.2,0.6487125
1712405,7.02,3.82,18.84,4.7,1.19,0.99,0.41,0.14,0.07,0,0.03,62.79,0.382525
1712454,10,7.06,26.29,9.57,1.93,1.74,0.82,0.1,0.1,0.1,0.05,42.24,0.64155
1712504,10.19,7.23,26.13,14.86,3.1,2.28,1.37,0.14,0.09,0.17,0.09,34.36,0.8456625
1712702,6.28,6.57,19.95,13.2,3.61,1.3,1.72,0.12,0.24,0.24,0.12,46.65,0.8122125
1712801,10.28,7.83,26.25,8.55,1.45,0.92,0.72,0,0,0,0,44,0.5072375
1713205,3.76,3.45,26.57,15.7,3.84,3.48,2.56,0.3,0.23,0.12,0.09,39.89,1.0190625
1713304,3.98,5.7,32.16,12.36,3.19,2.58,1.45,0.23,0.09,0.08,0.1,38.1,0.844125
1713601,7.07,6.44,28.39,8.77,1.77,1.55,1.05,0.13,0.11,0.06,0.09,44.57,0.6488
1713700,8.04,4.05,27.1,10.95,1.77,0.63,0.51,0.17,0.11,0,0,46.66,0.5509875
1713809,7.02,5.07,23.96,10.72,2.92,2.58,0.82,0.13,0.11,0,0.09,46.58,0.6772625
1713957,5.49,5.65,29.06,9.42,1.88,1.04,1.12,0.04,0.04,0,0,46.25,0.5787625
1714203,5.37,5.18,28.3,9.85,3.13,2.98,1.85,0.32,0.27,0.03,0.08,42.64,0.8478
1714302,10.8,7.73,27.62,8.63,1.97,1.6,0.9,0.08,0.08,0.03,0.03,40.52,0.6138375
1714880,6.13,5.93,29.89,11.88,2.44,1.95,1.04,0.09,0.08,0.04,0.04,40.48,0.7041875
1715002,5.1,5.33,27.16,10.17,2.26,2.29,1.16,0.13,0.1,0.1,0,46.19,0.6828375
1715101,7.56,8.13,26.25,9.76,3.1,2.6,1.67,0.37,0.13,0.1,0.07,40.27,0.8144125
1715150,10.94,6.62,24.54,12.25,3.18,3.07,1.62,0.16,0.16,0.1,0,37.36,0.816775
1715259,8.69,5.92,24,12.85,2.29,1.97,0.75,0,0.05,0.05,0,43.41,0.630225
1715507,8.03,4.56,29.38,12.23,3.48,1.92,1.56,0.12,0.12,0,0.24,38.37,0.829775
1715705,9.52,10.28,24.73,9.49,1.7,1.37,0.84,0.08,0.05,0.05,0,41.88,0.581725
1715754,4.91,4.56,29.04,11.67,2.81,2.5,1.83,0.21,0.13,0.1,0.18,42.06,0.857725
1716109,2.49,2.85,27.72,18.65,5.51,4.7,3.35,0.33,0.33,0.16,0.13,33.78,1.2595625
1716208,7.5,6.7,25.54,7.32,1.85,1.67,1.17,0.17,0.05,0.08,0.06,47.88,0.614025
1716307,6.03,6.27,26.18,11.15,3.64,2.04,0.96,0.13,0.05,0.03,0.08,43.44,0.7032875
1716505,2.84,2.86,24.41,16.31,6.36,5.12,3.16,0.4,0.3,0.2,0.1,37.93,1.22885
1716604,4.38,4.54,28.55,13.49,3.17,2.6,1.56,0.19,0.26,0.13,0.07,41.08,0.86745
1716653,9.07,7.2,27.99,11.57,2.55,1.82,1.04,0.05,0.07,0.02,0.12,38.49,0.7072
1716703,6.04,5.57,34.08,11.8,3.09,2.61,1.77,0.11,0.19,0.08,0.07,34.59,0.8709875
1717008,9.81,9.56,28.22,8.98,1.39,1.16,1.05,0.19,0.08,0.06,0.06,39.44,0.637375
1717206,6.51,3.15,23.6,13.94,2.86,1.51,0.8,0.13,0.13,0,0.04,47.33,0.6570875
1717503,6.25,6.66,30.97,13.46,3.23,2.44,1.08,0.09,0.15,0.17,0.13,35.38,0.853125
1717800,10.33,6.65,27.18,6.03,1.82,1.68,0.99,0.05,0.08,0.05,0.08,45.06,0.5887625
1717909,8.33,7.66,26.08,9.65,2.17,1.79,1.15,0.07,0.05,0,0.07,42.98,0.6405
1718006,7.08,5.49,23.15,10.09,2.57,1.55,0.8,0.09,0.09,0,0.09,49,0.6035125
1718204,2.95,3.41,29.45,13.43,4.16,4.2,2.99,0.42,0.26,0.14,0.09,38.51,1.0987375
1718303,12.38,8.16,22.87,7.78,0.92,0.74,0.27,0,0,0,0.02,46.85,0.428625
1718402,6.5,6,29.96,11.2,3.5,2.7,1.13,0.07,0.03,0.17,0.07,38.69,0.7892
1718451,8.19,4.34,27.53,18.53,4.07,2.57,1.39,0.32,0.05,0.05,0,32.94,0.891225
1718501,11.72,8.52,18.62,6.34,1.34,0.95,0.7,0.11,0,0,0,51.71,0.43375
1718550,5.58,4.18,24.13,6.65,1.19,0.33,0.24,0,0.03,0,0,57.67,0.37655
1718659,7.05,6.01,20.86,10.47,2.52,1.11,1.11,0.15,0.07,0,0,50.63,0.5753125
1718709,7.42,6.9,26.96,10.58,2.73,2.11,0.67,0,0.1,0,0,42.53,0.625725
1718758,7.6,5.57,23.85,6.59,1.71,1.51,0.92,0.02,0.02,0.04,0.08,52.1,0.5297625
1718808,13.18,7.94,22.14,7.71,2.33,1.35,0.81,0.03,0.03,0,0,44.47,0.526425
1718840,4.14,4.69,31.01,14.87,2.84,1.82,0.98,0.22,0.07,0,0,39.37,0.7406125
1718865,6.12,5.47,25.6,11.22,2.61,2.19,1.14,0.1,0.11,0.08,0.02,45.34,0.6922125
1718881,7.55,6.86,21.4,14.28,3.3,1.93,1.07,0.09,0.04,0.04,0,43.44,0.6875
1718899,6.78,4.98,23.46,15.35,3.42,1.62,0.87,0.12,0.06,0.06,0.06,43.22,0.715875
1718907,8.51,7.05,27.38,8.21,1.93,1.6,0.99,0.03,0.03,0.11,0,44.16,0.5992125
1719004,5.95,8.06,28.32,11.06,3.88,1.72,1.03,0.2,0.15,0.1,0,39.53,0.7427
1720002,12.47,8.89,24.39,9.04,1.54,1.64,1.29,0.05,0,0.05,0.05,40.59,0.6176375
1720101,7.97,6.88,25.07,8.02,2.03,1.34,0.72,0.11,0.03,0,0.06,47.77,0.5494
1720150,5.44,5.35,21.12,6.89,2.27,1.63,1,0,0,0,0,56.3,0.4923625
1720200,11.35,8.82,26.03,8.78,1.77,1.11,0.45,0.04,0.06,0.01,0.02,41.56,0.534775
1720259,5.18,4.07,22.2,11.59,2.59,1.87,1.02,0.13,0.08,0.04,0.04,51.19,0.6368625
1720309,9.09,6.6,21.76,5.26,1.67,0.84,0.69,0.09,0.06,0,0,53.95,0.438425
1720499,6.3,5.57,27.31,8.64,2.26,2.03,1.17,0.08,0.17,0.08,0.06,46.34,0.6742625
1720655,6.97,6.25,32.26,11.57,2.35,2.47,1.51,0.07,0.1,0.14,0.07,36.24,0.8094125
1720804,7.33,5.82,22.73,5.38,1.39,1.01,0.59,0.05,0.04,0,0,55.65,0.423975
1720853,8.02,3.34,27.75,15.12,2.84,1.7,1.21,0.14,0.28,0,0,39.6,0.76375
1720903,7.11,6.08,28.81,7.84,2.1,2.01,1.3,0.2,0.21,0.09,0.04,44.2,0.7009
1720937,8.97,4.36,26.92,8.59,2.12,1.79,1.09,0.13,0.19,0.06,0,45.77,0.640375
1720978,5.77,4.59,25.55,18.61,3.75,2.58,1.73,0.19,0.05,0.05,0.09,37.04,0.9011125
1721000,1.48,1.6,20.33,19.32,7.26,7.18,6.63,1.28,0.93,0.46,0.32,33.22,1.951675
1721109,6.91,6.81,20.98,8.06,2.31,1.85,1.35,0.38,0.06,0,0.02,51.28,0.6180625
1721208,7.06,5.65,28.56,10.99,3.18,3.05,2.2,0.32,0.21,0.13,0.04,38.6,0.9056375
1721257,4.64,3.33,21.67,18.34,3.64,2.79,2.32,0.23,0.39,0,0,42.65,0.9353125
1721307,5.4,4.06,21.71,8.71,3.02,1.68,0.7,0,0,0.06,0,54.67,0.5324
1722081,6.18,6.18,30.88,9.91,2.72,1.89,1.02,0.1,0.07,0.03,0.06,40.96,0.689225
1722107,5.35,4.81,26.67,12.23,3.16,2.3,1.49,0.17,0.17,0.08,0.1,43.47,0.7986375
2100055,5.72,5.01,26.28,12.03,3.1,2.31,1.47,0.16,0.15,0.07,0.06,43.65,0.7725375
2100105,7.57,7.88,18.88,5.8,1.33,0.63,0.14,0.02,0,0,0,57.75,0.348525
2100154,9.26,7.45,21.95,6.63,0.96,0.46,0.14,0.02,0.02,0,0,53.1,0.3740625
2100204,16.49,7.41,21.27,5.91,1.21,0.79,0.49,0.05,0.01,0.01,0.01,46.36,0.4292875
2100303,10.56,7.65,21.27,4.38,1.04,0.56,0.23,0.02,0.02,0.01,0.01,54.25,0.3574625
2100402,11.28,8.53,20.57,5.45,1.09,0.65,0.32,0,0.01,0,0,52.1,0.3752125
2100436,11.63,9.9,25.25,5.1,0.83,0.44,0.28,0.05,0.02,0,0,46.49,0.401175
2100477,9.44,8.43,17.74,4.33,1.02,0.44,0.27,0.02,0.02,0.02,0.01,58.27,0.3305625
2100501,4.7,6.47,21.32,7.04,1.57,1.18,0.85,0.09,0.12,0.06,0.08,56.51,0.5229625
2100550,12.1,9.65,19.59,5.28,1.11,0.76,0.39,0,0.04,0.04,0,51.03,0.3969625
2100600,10.63,12.1,21.73,6.56,1.25,0.93,0.48,0.05,0.03,0.01,0.02,46.21,0.457775
2100709,11.57,6.92,20.37,5.22,1.09,0.74,0.29,0.03,0.02,0.01,0,53.73,0.3743
2100808,10.29,8.37,21.43,5.55,1.28,0.94,0.57,0.06,0.03,0,0.04,51.44,0.4381875
2100832,16.41,12.95,20.69,5.92,1.16,0.71,0.35,0.08,0.03,0,0.01,41.7,0.4354625
2100873,11.6,11.66,21.52,4.14,0.5,0.35,0.17,0.01,0.06,0,0.01,50,0.350225
2100907,8.01,6.36,21.54,4.47,0.71,0.51,0.29,0.02,0.02,0,0.01,58.07,0.341375
2100956,8.27,7.59,17.53,4.19,0.7,0.59,0.37,0.08,0.02,0,0.03,60.63,0.3348125
2101004,8.51,6.52,21.45,8.61,2.49,1.66,0.85,0.05,0.07,0.02,0.02,49.73,0.55765
2101103,13.54,10.1,22.98,5.79,1.17,0.88,0.55,0.08,0.06,0,0,44.86,0.457125
2101202,8.34,7.92,29.29,8.94,2.26,1.85,1.18,0.18,0.13,0.06,0.04,39.8,0.695575
2101251,9.22,7.7,21.56,7.38,1.37,0.83,0.65,0.06,0.05,0.04,0.01,51.13,0.469775
2101301,14.71,9.55,21.25,5.54,0.84,0.93,0.45,0.07,0.01,0.01,0.02,46.6,0.4260125
2101350,13.62,7.16,22.72,4.51,0.8,0.45,0.09,0.05,0,0,0,50.6,0.34995
2101400,3.96,4.87,26.32,13.32,3.71,3.09,2.3,0.32,0.29,0.11,0.09,41.61,0.9594625
2101509,9.47,6.51,22.44,11.08,2.31,1.33,0.84,0.06,0.03,0.05,0.01,45.88,0.5847875
2101608,8.2,7.75,25.25,6.27,1.28,1.27,0.88,0.1,0.07,0.03,0.03,48.88,0.5230375
2101707,9.91,7.64,18.9,6.04,1.26,0.9,0.54,0.07,0.06,0.02,0.01,54.64,0.421025
2101731,10.4,8.96,12.24,3.92,0.75,0.6,0.09,0,0.06,0,0.02,62.95,0.2762
2101772,12.68,8.59,25.54,5.77,1.04,0.74,0.25,0.03,0.04,0,0,45.31,0.4271125
2101806,8.34,4.54,22.01,6.48,1.5,0.8,0.49,0.11,0.04,0.07,0,55.62,0.44465
2101905,14.4,7.06,24.13,3.97,0.69,0.6,0.31,0.04,0.02,0.01,0.01,48.76,0.3815
2101939,8.46,9.62,27.8,7.37,0.74,0.96,0.33,0,0.02,0,0,44.7,0.461425
2101970,12,9.36,22.87,7.79,1.22,0.95,0.54,0.03,0.05,0.05,0,45.14,0.487475
2102002,8.32,7.31,21.42,4.19,0.79,0.63,0.4,0.04,0.03,0.01,0,56.84,0.3594125
2102036,3.98,4.53,20.66,5.28,0.97,0.51,0.29,0.03,0.03,0.02,0,63.68,0.3414875
2102077,13.17,10.12,23.02,4.04,0.54,0.31,0.15,0.01,0.02,0,0,48.64,0.346025
2102101,10.26,8.5,21.69,4.32,0.87,0.8,0.5,0.05,0.05,0.03,0.01,52.92,0.40175
2102150,9.84,11.33,19.59,9.12,1.09,0.6,0.44,0.02,0,0,0.02,47.93,0.4435625
2102200,10.75,9.05,18.99,3.87,0.7,0.54,0.24,0.04,0.02,0,0.03,55.77,0.3358875
2102309,11.25,8.63,24.8,5.48,1.05,0.94,0.52,0.03,0.03,0.01,0.01,47.26,0.4460375
2102325,7.27,9.85,22.76,5.91,1.13,0.83,0.52,0.04,0.04,0.03,0.02,51.61,0.4404125
2102358,15.24,9.99,25.07,8.28,1.48,0.57,0.39,0.03,0.05,0.02,0.03,38.84,0.5033375
2102374,9.33,7.74,14.58,3.2,0.66,0.52,0.17,0,0,0,0,63.8,0.25975
2102408,13.79,7.02,18.8,3.34,0.53,0.35,0.16,0.05,0,0,0,55.96,0.2974
2102507,12.58,7.75,18.57,3.36,0.55,0.52,0.22,0.04,0,0,0,56.42,0.3062375
2102556,6.58,5.03,25.71,15.23,2.65,1.87,0.69,0.09,0.09,0.02,0.06,41.99,0.6993875
2102606,16.26,9.74,18.35,4.92,1.06,0.94,0.37,0.03,0.03,0,0.01,48.29,0.39245
2102705,14.08,8.42,18.15,4.26,0.9,0.57,0.36,0.06,0.02,0.01,0.02,53.15,0.3586
2102754,13.58,8.23,24.78,5.84,1.18,0.72,0.52,0.06,0.02,0.01,0.01,45.05,0.4520625
2102804,4.39,5.43,28.63,8.57,2.14,1.91,1.33,0.17,0.16,0.06,0.04,47.16,0.6805125
2102903,13.88,10.86,20.5,7.05,1.15,0.85,0.55,0.09,0.03,0.03,0.05,44.97,0.477925
2103000,7.36,7.51,28.34,7.55,1.83,1.74,1.1,0.16,0.11,0.05,0.04,44.22,0.6339625
2103109,21.57,8.99,20.77,5.61,0.85,0.87,0.44,0.04,0.01,0.01,0.02,40.82,0.4318625
2103125,15.5,8.48,19.93,5.64,0.91,0.64,0.26,0.02,0,0,0,48.62,0.374975
2103158,8.52,8.17,22.62,6.96,0.94,0.63,0.33,0.02,0.04,0.03,0.03,51.69,0.4254375
2103174,10.04,8.23,17.65,9.89,1.43,0.68,0.45,0.02,0.02,0.01,0.02,51.57,0.4478875
2103208,8.53,8.5,23.99,6.26,1.29,1.13,0.78,0.1,0.06,0.03,0.02,49.31,0.499475
2103257,8.73,7.21,28.18,8.72,1.78,1.15,0.61,0.06,0.06,0.02,0.02,43.46,0.5562625
