"city_code","workingHours_less14h","workingHours_15to39h","workingHours_40to44h","workingHours_45to48h","workingHours_49hplus","working_hours.avg"
1100015,7.7,16.88,42.52,10.2,22.7,39.36
1100023,5.72,13.71,47.82,15.52,17.24,40.2513
1100031,13.91,21.21,43.15,10.59,11.14,36.18005
1100049,6.69,15.8,51.95,7.92,17.64,39.348
1100056,6.33,19.19,37.84,13.54,23.1,39.5754
1100064,18.56,17.29,39.77,8.06,16.33,35.7197
1100072,16.41,22.32,41.98,10.16,9.14,35.1584
1100080,8.77,22.1,44.22,8.96,15.95,37.7491
1100098,9.42,20.16,40.42,6.95,23.04,38.25975
1100106,15.18,19.8,45.15,7.83,12.04,35.97475
1100114,7.31,22.03,45.93,9.84,14.89,38.1338
1100122,4.81,16.14,52.27,11.38,15.4,39.8223
1100130,9.22,20.67,44.98,12.39,12.74,37.76725
1100148,8.39,26.32,42.31,7.76,15.22,37.1174
1100155,5.98,19.94,47.55,7.82,18.71,38.9962
1100189,7.35,15.02,46.64,10.42,20.58,39.6027
1100205,9.64,15.4,49.93,10.85,14.17,38.46675
1100254,16.82,20.5,35.44,8.02,19.22,35.9217
1100262,8.97,11.95,65.17,1.66,12.25,38.6281
1100288,4.71,16.4,53.27,9.82,15.8,39.7691
1100296,8.43,28.14,37.34,5.68,20.41,37.1029
1100304,5.62,16.3,47.88,10.37,19.83,39.83615
1100320,9.5,23.49,42.68,7.6,16.73,37.3296
1100338,11.2,22.91,40.7,8.94,16.26,36.9722
1100346,7.54,22.28,36.71,8.44,25.02,38.6738
1100379,9.9,23.24,46.16,6.23,14.48,37.04015
1100403,4.27,27.58,43.88,11.85,12.43,38.07495
1100452,6.1,17.27,45.88,11.95,18.8,39.55525
1100502,10.85,21.05,53.14,5.31,9.65,36.71895
1100601,7.99,22.14,38.78,7.63,23.46,38.42735
1100700,3.85,36.21,32.45,3.82,23.67,37.3193
1100809,4.86,13.99,43.84,18.29,19.02,40.69515
1100908,14.54,28.38,39.81,6.67,10.6,34.71395
1100924,10.9,11.44,37.02,15.75,24.89,39.68305
1100940,6.86,16.25,42.38,15.07,19.44,39.68065
1101005,13.05,24.95,49.16,4.77,8.06,35.37815
1101104,4.94,17.3,44.03,17.46,16.28,39.9513
1101203,18.89,19.33,44.22,5.79,11.77,34.89575
1101302,19.68,24.85,30.05,8.14,17.28,34.338
1101401,18.59,23.91,41.22,8.48,7.79,34.131
1101435,12.71,45.79,27.75,3.26,10.5,32.4586
1101450,7.54,19.57,38.22,17.51,17.16,38.94245
1101468,9.82,21.32,38.71,14.34,15.8,37.7995
1101476,12.82,19.29,45.45,4.63,17.81,36.97195
1101484,13.12,29.49,34.98,7.52,14.89,35.2836
1101492,8.41,29.75,37.32,9.65,14.87,36.65785
1101500,6.41,22.69,51.38,5.02,14.5,38.0426
1101559,28.37,31.06,26.49,4.63,9.46,30.27215
1101609,9.2,32.68,34.68,10.35,13.1,35.90895
1101708,19.9,32.28,27.81,4.61,15.39,32.86655
1101757,6.1,21.33,49.52,6.87,16.17,38.52935
1101807,14.01,39.6,30.5,4.48,11.42,33.1424
1200013,10.63,22.2,41.85,14.7,10.62,37.0985
1200054,5.76,23.05,49.8,9.21,12.18,38.19675
1200104,15.7,20.55,43.45,9.97,10.33,35.69325
1200138,4.92,28.25,33.84,19.56,13.42,38.2003
1200179,13.1,26.92,34.02,13.22,12.73,35.7758
1200203,10.67,23.61,30.08,16.13,19.51,37.56245
1200252,6.74,21.11,35.2,19.99,16.95,39.02815
1200302,23.18,25.12,25.81,14.5,11.4,33.1963
1200328,19.69,35.23,28.2,14.75,2.13,32.01515
1200336,12.82,39.89,32.95,5.31,9.03,33.29795
1200344,2.99,18.4,34.32,26.26,18.03,40.8466
1200351,31.33,31.01,26.23,10.76,0.67,29.1072
1200385,7.84,19.97,41.97,8.52,21.7,38.7117
1200393,8.55,38.28,37.05,6.59,9.53,34.82765
1200401,9.52,19.2,45.01,11.69,14.58,38.00105
1200427,22.81,32.31,25.44,11.31,8.13,31.84475
1200435,12.54,39.01,30.81,3.56,14.08,33.7831
1200450,10.12,19.72,44.09,11,15.07,37.7583
1200500,14.54,23.71,32.73,12.13,16.89,36.10045
1200609,15.58,28.19,29.98,13.77,12.47,34.89745
1200708,18.61,21.88,36.45,9.13,13.94,34.89805
1200807,7.64,21.22,57.54,9.03,4.57,37.40405
1300029,6.43,32.14,34.87,11.08,15.47,36.9559
1300060,27.95,14.5,41.7,6.41,9.44,32.94825
1300086,8.46,47.96,26.76,12.75,4.07,33.29585
1300102,10.71,28.08,41.61,9.57,10.03,35.92195
1300144,10.39,18.66,35.46,20.95,14.53,38.24745
1300201,4.82,16.23,52.38,23.21,3.36,39.49555
1300300,18.07,37.78,24.73,5.95,13.47,32.48405
1300409,17.86,37.14,26.25,6.65,12.1,32.57445
1300508,11.85,45.59,25.97,8.04,8.55,32.8038
1300607,9.04,36.32,36,4.28,14.36,35.2186
1300631,4.64,30.1,37.74,12.04,15.48,37.8112
1300680,7.03,43.14,34.48,5.82,9.53,34.4896
1300706,9.8,32.03,26.45,13.05,18.67,36.34565
1300805,25.46,30.39,20.05,10.06,14.03,31.7433
1300839,8.28,23.88,43.61,7.06,17.18,37.6241
1300904,2.04,51.64,24.7,12.79,8.83,34.87645
1301001,7.33,28.56,37.01,10.76,16.35,37.2965
1301100,31.98,24.69,31.78,2.97,8.58,30.07635
1301159,24.98,41.95,19.22,2.61,11.24,29.61735
1301209,6.82,33.91,25.9,9.04,24.32,37.1089
1301308,4.25,36.49,23.33,12.74,23.19,37.5331
1301407,8.96,33.57,19.85,16.84,20.77,36.6632
1301506,7.74,37.2,25.04,14.36,15.65,35.9903
1301605,12.52,41,29.52,9.52,7.44,33.2936
1301654,5.99,34.3,46.71,9.29,3.71,35.85555
1301704,9.05,28.99,36.04,11.67,14.25,36.64015
1301803,7.4,33.95,16.35,30.35,11.95,37.03775
1301852,11.18,24.13,32.45,10.15,22.09,37.25315
1301902,10.43,28.17,32.93,11.61,16.86,36.55675
1301951,5.04,40.2,35.72,10.58,8.46,35.6271
1302009,8.68,33.52,29.8,8.73,19.27,36.28335
1302108,12.66,34.22,23.05,20.69,9.38,34.90985
1302207,11.31,43.8,16.45,7.9,20.55,34.0614
1302306,3.84,40.54,35.05,14.97,5.6,35.90945
1302405,11.37,26.59,30.46,10.06,21.52,36.787
1302504,8.2,26.72,26.34,16.5,22.24,37.9953
1302553,9.67,39.01,36.96,6.4,7.95,34.2812
1302603,11.34,15.29,44.09,14.63,14.65,38.21515
1302702,15.81,33.53,24.34,9.13,17.19,34.15785
1302801,22.04,34.18,18.46,15.14,10.19,32.1006
1302900,15.43,35.61,30.47,6.5,11.99,33.4699
1303007,10.05,49.78,24.59,2.73,12.85,32.74135
1303106,19.01,28.08,24.6,9.1,19.21,34.2194
1303205,15.85,35.36,37.43,3.6,7.76,32.9632
1303304,6.71,39.84,34.01,6.62,12.83,35.3454
1303403,14.02,26.84,30.23,12.09,16.82,35.76985
1303502,7.86,62.6,18.32,5.43,5.79,31.05885
1303536,13.05,20.65,40.97,6.81,18.52,36.85135
1303569,8.33,29.06,45.8,5.51,11.31,36.35245
1303601,6.6,70.42,14.72,3.47,4.79,30.08045
1303700,21.95,32.37,22.7,11.96,11.02,32.3081
1303809,11.09,35.58,30.62,5.63,17.09,35.01165
1303908,13.01,33.96,24.93,9.57,18.54,34.99585
1303957,4.53,28.6,26.77,27.91,12.18,38.54595
1304005,9.16,42.13,39.68,2.23,6.8,33.69205
1304062,9.35,34.34,28.5,8.69,19.13,35.96535
1304104,8.52,30.78,26.19,8.7,25.81,37.1956
1304203,7.85,22.76,29.54,15.1,24.75,38.8
1304237,14.11,33.74,32.27,10.56,9.32,34.1158
1304260,5.97,33.99,27.31,14.08,18.66,37.1739
1304302,5.35,32.05,38.74,9.04,14.82,37.1387
1304401,8.72,35.93,21.75,15.91,17.7,36.12805
1400027,3.46,21.59,63.74,3.32,7.89,38.4944
1400050,20.76,22.39,39.46,3.22,14.17,33.9655
1400100,7.18,25.09,44.96,9.27,13.51,37.59315
1400159,10.82,35.02,40.1,2.08,11.98,34.6496
1400175,27.29,17.51,43.23,3.08,8.89,32.4932
1400209,6.03,19.36,42.75,10.98,20.89,39.3682
1400233,3.2,38.23,46.33,4.47,7.77,36.11455
1400282,11.59,22.82,30.43,23.78,11.37,37.1936
1400308,9.56,31.01,46.8,4.2,8.42,35.4459
1400407,18.03,35.97,36.69,2.9,6.41,32.1353
1400456,12.25,31.21,36.6,3.82,16.11,35.1839
1400472,12.86,27.74,39.16,6.55,13.68,35.48635
1400506,8.19,23.44,37.87,14.27,16.23,37.96905
1400605,7.23,26.52,58.11,3.6,4.54,36.4774
1400704,46.92,32.8,13.95,1.35,4.99,24.35665
1500107,9.93,31.21,25.21,15.68,17.97,36.5016
1500131,6.55,18.92,39.16,9.65,25.72,39.56265
1500206,17.87,42.48,20.72,5.55,13.38,31.81075
1500305,24.32,36.09,9.23,11.42,18.94,31.6166
1500347,8.35,19.95,41.65,16.74,13.3,38.3496
1500404,18.14,30.03,23.82,12.14,15.86,34.0686
1500503,10.03,27.81,32.37,15.17,14.62,36.72615
1500602,8.29,19.21,40.06,14.28,18.15,38.7062
1500701,9.27,38.66,17.18,14.73,20.17,35.68435
1500800,9.21,20.97,36.9,14.09,18.83,38.22785
1500859,9.93,22.36,43.91,9.46,14.34,37.2951
1500909,18.42,41.2,25.35,8.19,6.84,31.50975
1500958,11.96,28.9,25.5,17.56,16.09,36.2369
1501006,35.92,38.9,19.18,1.6,4.4,26.4874
1501105,11.83,43.53,22.8,5.94,15.89,33.5335
1501204,10.93,46.52,29.54,2.94,10.08,32.8037
1501253,6.06,15.4,38.85,11.23,28.45,40.48585
1501303,11.5,27.68,28.45,15.73,16.63,36.49575
1501402,12.65,21.66,37.03,12.4,16.26,36.9052
1501451,7.82,33.59,26.93,14.11,17.54,36.63045
1501501,10.33,19.85,35.82,16.94,17.06,38.0866
1501576,7.31,22.38,26.24,18.91,25.16,39.20835
1501600,9.48,27.07,40.45,19.04,3.96,36.4191
1501709,9.34,34.26,24.16,11.29,20.94,36.21545
1501725,7.7,19.76,47.4,8.96,16.18,38.4158
1501758,9.59,27.35,25.35,12.5,25.2,37.5346
1501782,3,20.07,45.95,19.89,11.09,39.82085
1501808,7.85,35.07,29.93,11.14,16,36.1586
1501907,19.24,46.09,22.6,4.41,7.66,30.43395
1501956,18.9,24.59,33.04,6.95,16.53,34.49355
1502004,34.22,26.76,10.81,9.06,19.14,30.1477
1502103,20.22,39.53,17.94,9.27,13.04,31.73885
1502152,17.53,13.97,33,17.04,18.46,37.0551
1502202,11.55,26.29,26.93,12.62,22.61,36.9731
1502301,9.99,34.23,35.86,9.44,10.49,35.2316
1502400,7.99,17.97,36.42,17.68,19.94,39.2587
1502509,29.69,19.18,19.54,0.36,31.23,33.0121
1502608,10.41,48.73,22.06,5.15,13.66,32.96785
1502707,10.84,21.73,39.72,9.9,17.81,37.3975
1502756,9.47,38.13,35.75,4.25,12.39,34.68325
1502764,15.01,15.04,27.08,10.89,31.98,38.26985
1502772,14.84,12.09,33.36,19.69,20.02,38.31875
1502806,16.51,44.47,23.85,6.45,8.72,31.60735
1502855,10.13,41.97,30.56,4.88,12.47,33.9648
1502905,17.38,34.72,21.43,9.27,17.19,33.54185
1502939,4.15,14.24,40.15,15.03,26.43,41.22845
1502954,12.8,21.98,19.8,13.29,32.12,37.96125
1503002,20.23,41.43,21.25,6.27,10.8,31.15085
1503044,11.06,23.32,37.73,14.33,13.56,36.99925
1503077,11.08,34.98,28.7,10.6,14.64,35.1524
1503093,6.35,12.61,39.71,20.14,21.18,40.7152
1503101,23.69,40.41,19.04,5.43,11.43,30.34975
1503200,6.68,33.46,41.36,4.9,13.61,36.288
1503309,16.86,35.64,20.88,11.23,15.39,33.51585
1503408,12.59,34.14,34.34,7.79,11.14,34.48415
1503457,24.07,22.2,41.07,3.74,8.93,32.728
1503507,13.76,49.61,20.72,4.53,11.39,31.71105
1503606,15.21,18.15,27.52,15.72,23.4,37.3641
1503705,18.44,26.11,27.45,12.12,15.87,34.5724
1503754,33.11,10.17,12.72,12.08,31.91,33.9768
1503804,6.49,17.05,26.38,23.93,26.15,40.53265
1503903,15.49,27.31,36.86,8.29,12.04,34.77795
1504000,18.61,63.54,10.5,1.56,5.79,27.7337
1504059,5.21,24.18,27.75,18.92,23.95,39.4463
1504109,22.06,41.69,21.11,5.75,9.39,30.48575
1504208,12.43,16.15,36.22,16.69,18.5,38.13895
1504307,21.86,34.04,23.66,5.91,14.53,32.05625
1504406,15.84,40.99,13.96,9.9,19.32,33.2184
1504422,7.11,20.9,34.48,16.65,20.86,39.08365
1504455,10.36,21.08,45.29,13.09,10.18,37.23885
1504505,23.38,32.81,28.21,4.07,11.54,31.52725
1504604,16.74,41.38,18.45,12.38,11.05,32.4364
1504703,10.57,32.1,28.5,14.78,14.05,35.874
1504802,12.88,31.49,35.68,11.8,8.15,34.7716
1504901,11.98,33.68,25.68,14.73,13.93,35.23155
1504950,10.76,27.84,30.98,3.38,27.03,36.8512
1504976,8.92,30.64,31.5,9.42,19.53,36.7016
1505007,6.38,28.59,40.6,10.71,13.71,37.36255
1505031,7.7,12.31,31.23,14.19,34.57,41.05595
1505064,11.5,25.06,30.25,14.11,19.09,36.99645
1505106,12.39,28.89,34.95,8.71,15.05,35.63855
1505205,16.15,42.02,12.17,10.47,19.19,32.98945
1505304,12.72,25.43,35.97,11.18,14.69,36.1511
1505403,6.26,39.01,28.22,9.29,17.22,36.01915
1505437,11.03,19.38,29.29,24.51,15.79,38.21285
1505486,13.5,24.68,36.21,13.16,12.45,35.9817
1505494,5.81,26.66,33.74,12.23,21.56,38.43375
1505502,7.54,10.95,42.33,17.27,21.91,40.55715
1505536,6.18,12.26,38.79,22.86,19.9,40.8481
1505551,3.93,18.11,48.89,11.28,17.79,39.936
1505601,9.74,27.52,34.53,10.33,17.89,36.86615
1505635,4.82,24.73,39.02,18.74,12.69,38.6725
1505650,8.77,25.47,52.41,7.03,6.32,36.48265
1505700,17.29,31.59,34.54,6.11,10.47,33.42815
1505809,12.97,29.03,21.63,14.13,22.24,36.20655
1505908,10.74,45.22,16.46,4.57,23.01,34.02615
1506005,20.88,30.05,18.82,5.5,24.75,33.6261
1506104,8,36.76,29.49,9.23,16.53,35.82265
1506112,10.48,34.87,17.54,10.4,26.71,36.1728
1506138,4.89,13.92,41.46,18.62,21.11,40.8584
1506161,3.76,17.79,35.78,24.13,18.54,40.66235
1506187,7.41,15.84,24.52,22.55,29.68,40.64155
1506195,8.32,30.63,47.41,5.18,8.45,35.8963
1506203,12.79,19.32,23.54,9.3,35.04,38.3879
1506302,10.98,35.16,18.2,10.5,25.16,35.8853
1506351,9.74,23.9,29.33,13.41,23.62,37.94465
1506401,3.41,30.62,18.94,10.97,36.06,39.47005
1506500,8.01,20.84,29.28,20.83,21.04,39.04135
1506559,11.58,32.89,34.17,10.49,10.88,35.06195
1506583,10.33,20.26,31.36,18.24,19.81,38.2761
1506609,8.65,32.63,22.29,12.88,23.56,36.9165
1506708,17.06,21.41,32.54,13.01,15.98,35.71575
1506807,10.42,25.68,31.66,14.79,17.44,37.11255
1506906,5.54,38.18,39.56,7.35,9.37,35.70845
1507003,10.8,33.55,30.66,8.45,16.55,35.48645
1507102,7.24,35.94,26.92,6.03,23.87,36.52405
1507151,9.85,16.79,32.33,11.81,29.22,39.30035
1507201,12.98,44.79,29.19,4.46,8.59,32.4533
1507300,14.96,16.84,21.49,25.65,21.05,37.90875
1507409,8.6,26.27,31.15,12.3,21.68,37.7226
1507458,11.87,22.91,35.33,12.13,17.75,37.02405
1507466,5.64,39.4,43.08,7.07,4.81,35.16565
1507474,27.88,29.97,16.46,8.98,16.71,31.2719
1507508,19.05,25.1,34.45,13.63,7.77,34.05825
1507607,10.77,29.32,29.07,11.49,19.35,36.45795
1507706,17.29,48.8,18.9,4.02,11,30.7939
1507755,5.93,17.7,41.98,16.54,17.85,39.6784
1507805,29.25,17.58,25.17,9.78,18.22,32.8885
1507904,10.42,33.56,16.76,10.41,28.85,36.53635
1507953,4.54,11.39,33.29,22.75,28.02,42.00125
1507961,19.63,30.72,31.2,7.01,11.43,33.00695
1507979,10.65,27.19,24.71,18.99,18.46,37.08625
1508001,5.56,20.75,37.11,17.7,18.87,39.4439
1508035,13.22,47.58,22.25,8.04,8.92,32.1518
1508050,4.9,27.2,35.5,18.06,14.33,38.3596
1508084,7.05,15.26,30.93,23.39,23.37,40.42545
1508100,3.93,20.88,36.77,14.78,23.63,40.0826
1508126,3.86,10.28,49.17,21.76,14.93,41.4015
1508159,11.88,18.27,35.68,15,19.18,37.9549
1508209,7.52,23.87,21.09,14.26,33.26,39.2838
1508308,20.43,37,15.42,7.56,19.6,32.446
1508357,16.42,15.52,36.43,7.68,23.94,37.0916
1508407,24.36,13.73,28.21,14.24,19.46,35.1227
1600055,2.1,26.4,27.2,16.99,27.32,40.13315
1600105,5.02,18.27,38.07,13.68,24.95,40.2118
1600154,5.97,24.4,39.12,9.11,21.4,38.57635
1600204,10.23,25.02,35.82,12.04,16.89,37.1067
1600212,8.42,27.31,34.95,4.92,24.4,37.4753
1600238,10.9,28.89,40.53,7.85,11.83,35.79585
1600253,6.15,18.57,42.52,3.59,29.17,39.69595
1600279,9.1,21.42,33.97,16.3,19.21,38.3172
1600303,7.83,24.33,39.97,13.63,14.24,37.76825
1600402,6.72,33.68,42.55,5.06,11.98,36.1285
1600501,10.08,13.94,28.91,15.23,31.84,40.00075
1600535,7.37,23.3,32.53,14.2,22.61,38.6673
1600550,11.53,39.89,20.85,14.89,12.85,34.36185
1600600,11.38,21.45,41.94,12.07,13.15,37.05555
1600709,15.65,29.89,31.09,8.32,15.05,34.5624
1600808,14.24,18.74,28.6,14.78,23.64,37.5217
1700251,8.37,23.3,59.34,4.6,4.39,36.6757
1700301,2.99,16.29,40.76,27.32,12.63,40.8286
1700350,4.81,13.91,46.13,16.83,18.31,40.60155
1700400,4.91,29.72,48.5,1.81,15.06,37.30285
1700707,4.18,16.26,52.58,4.84,22.15,40.1631
1701002,6.16,19.43,48.4,10.96,15.04,38.9025
1701051,9.76,29.4,57.99,0,2.85,35.0567
1701101,5.58,25.09,47.13,6.49,15.71,38.06585
1701309,3.2,30.23,39.58,15.65,11.34,38.06755
1701903,5.98,29.43,53.68,6.73,4.18,36.50655
1702000,3.76,18.05,49.21,15.73,13.25,39.87505
1702109,4.37,15.49,52.9,12.95,14.29,40.03595
1702158,6.21,16.24,53.44,6.39,17.73,39.35805
1702208,7.8,19.55,46.61,9.69,16.35,38.46405
1702307,17.71,18.17,40.51,11.23,12.38,35.68765
1702406,16.28,19.68,49.28,8.51,6.24,35.30515
1702554,5.59,22.23,44.87,9.31,18,38.77925
1702703,3.85,33.16,52.49,4.77,5.73,36.56375
1702901,3.91,27.12,48.68,9.05,11.25,38.03615
1703008,2.92,23.53,52.64,12.32,8.59,38.8086
1703057,2.67,12.33,71.18,8.39,5.43,40.16055
1703073,0.86,42.75,35.64,17.48,3.27,36.3622
1703107,4.11,17.35,39.77,25.4,13.38,40.3305
1703206,7.49,27.39,37.8,12.01,15.31,37.40645
1703305,6.89,18.1,58.27,9.14,7.61,38.304
1703602,0.94,16.43,44.18,14.37,24.07,41.59965
1703701,6.7,22.8,53.52,10.51,6.47,37.62985
1703800,7.77,20.36,55.83,8.18,7.87,37.6936
1703826,2.33,29.52,46.77,14.2,7.18,38.0612
1703842,17.64,26.9,50.86,2.34,2.26,33.2893
1703867,7.47,19.5,38.83,14.42,19.79,39.0218
1703883,3.8,15.04,47.43,23.54,10.2,40.4575
1703891,7.29,21.05,55.85,4.59,11.21,37.78835
1703909,1.65,19.06,68.28,4.45,6.57,39.34335
1704105,14.51,24.65,55.35,3.28,2.21,34.542
1704600,12.29,35.06,41.74,7.01,3.9,33.88825
1705102,0.99,25.23,38.9,17.52,17.37,39.9468
1705508,4.84,17.93,45.36,11.76,20.11,39.8922
1705557,5.35,18,28.74,10.9,37.01,40.8832
1705607,4.86,22.93,33.51,22.67,16.03,39.34195
1706001,14.37,28.1,44.07,4.24,9.22,34.5976
1706100,3.23,16.23,56.3,16.25,7.99,39.95165
1706258,2.61,11.69,48.56,13.44,23.7,41.7795
1706506,5.25,24.25,34.05,25.4,11.05,38.809
1707009,7.16,20.29,40.55,14.94,17.06,38.8182
1707108,3.59,22.74,37.64,21.31,14.72,39.57315
1707207,8.36,20.86,60.69,4.49,5.6,37.12425
1707306,2.51,13.17,41.2,10.03,33.09,42.08935
1707405,6.75,27.9,54.64,7.6,3.11,36.4847
1707553,1.85,27.42,53.15,7.25,10.33,38.41835
1707652,6.28,21.25,35.58,23.62,13.27,39.0459
1707702,7.32,21.25,57.81,4.29,9.33,37.60905
1708205,6.77,17.54,38.7,15.43,21.55,39.67205
1708254,3.67,11.72,66.34,10.92,7.36,40.2252
1708304,4.29,35.82,51.87,0.8,7.22,35.9672
1709005,16.02,27.45,48.16,3.27,5.1,33.90105
1709302,3.3,17.47,54.79,10.66,13.79,39.9047
1709500,4.79,17.71,50.31,10.48,16.71,39.6436
1709807,5.58,14.26,74.31,1.05,4.8,38.68185
1710508,6.7,30.27,53.87,4.54,4.62,36.1112
1710706,3.38,19.81,72.28,1.72,2.81,38.3562
1710904,12.79,27.81,47.67,2.82,8.9,34.993
1711100,9.86,29.04,33.3,19,8.79,36.3493
1711506,6.28,24.87,40.41,13.29,15.14,38.16475
1711803,10.71,25.19,58.34,1.88,3.88,35.5789
1711902,10.11,14.38,63.83,6.34,5.34,37.6713
1711951,4.08,29.25,43.97,10.62,12.09,37.7985
1712009,5.3,20.28,38.94,30.53,4.95,39.19435
1712157,6.6,26.71,21.05,8.19,37.46,39.14045
1712405,47.08,7.32,44.71,0,0.9,27.7868
1712454,10.28,13.09,53.09,8.03,15.5,38.60025
1712504,6.13,16.29,61.99,7.61,7.99,38.74605
1712702,7.6,33.54,38.87,11.24,8.76,35.9642
1712801,2.68,28.31,61.71,3.17,4.12,37.42995
1713205,3.9,20.98,52.08,11.09,11.95,39.09655
1713304,4.61,22.33,46.32,13.37,13.37,38.89725
1713601,6.9,18.32,45.87,20.28,8.64,38.8416
1713700,6.91,20.16,56.06,1.38,15.49,38.1876
1713809,3.41,20.11,48.7,20.28,7.5,39.4663
1713957,2.97,14.9,64.25,8.99,8.89,39.96025
1714203,2,12.19,55.58,17.57,12.66,41.28835
1714302,4.83,31.59,62.04,0.25,1.29,36.01065
1714880,9.64,25.18,49.76,5.77,9.66,36.46385
1715002,4.14,19.08,54.56,9.61,12.61,39.29395
1715101,4.06,25.79,40.83,19.42,9.9,38.5616
1715150,6.15,19.4,39.63,18.12,16.7,39.3524
1715259,16.59,20.46,41.02,9.28,12.66,35.5938
1715507,2.61,21.27,45.56,10.58,19.98,39.9534
1715705,10.76,32.59,37.63,13.71,5.31,35.08735
1715754,3.49,17.42,40.52,13.97,24.6,40.76045
1716109,2.59,18.29,44.65,17.03,17.44,40.51845
1716208,11.3,14.73,34.88,30.21,8.88,38.60755
1716307,12.79,19.1,33.11,10.04,24.95,37.7479
1716505,6.19,17.32,53.22,16,7.27,38.8977
1716604,7.74,17.02,38.19,23.93,13.12,39.27505
1716653,9.24,29.32,37.84,10.44,13.16,36.4058
1716703,15.44,10.96,41.01,16.94,15.65,37.8906
1717008,3.74,26.45,43.45,21.14,5.22,38.302
1717206,0.14,8.51,70.73,8.58,12.05,41.9181
1717503,5.77,32.96,42.78,12.24,6.26,36.4336
1717800,12.34,19.73,57.46,1.32,9.16,36.2901
1717909,3.37,21.43,52.67,15.19,7.35,39.04415
1718006,2.13,22.22,66.67,3.42,5.56,38.6137
1718204,5.1,21.09,50.99,12.85,9.98,38.68955
1718303,5.68,20.08,61.29,6.84,6.11,38.1331
1718402,7.76,24.67,56.35,3.38,7.84,36.8276
1718451,1.88,20.63,69.33,4.33,3.82,38.83715
1718501,2.54,26.83,55.34,3.86,11.42,38.2332
1718550,0.38,36.51,57.3,1.16,4.65,36.7948
1718659,3.64,26.56,52.49,5.74,11.57,38.065
1718709,8.08,16.56,56.03,11.68,7.65,38.3147
1718758,4.92,47.2,39.44,5.01,3.43,34.00795
1718808,3.46,21.48,51.19,10.61,13.27,39.21975
1718840,11.23,17.4,55.12,7.83,8.42,37.18735
1718865,4.76,13.6,45.49,18.44,17.7,40.6918
1718881,1.02,26.46,57.44,4.54,10.54,38.6875
1718899,2.49,15.61,64.34,11.61,5.95,39.90025
1718907,2.67,28.68,55.77,7.63,5.25,37.66125
1719004,5.96,29.87,35.07,11.82,17.28,37.5922
1720002,4.03,37.15,53.68,3.24,1.9,35.5779
1720101,5.11,27.53,43.5,13.42,10.45,37.7793
1720150,1.3,6.51,90.28,0.57,1.33,40.77405
1720200,6.55,30.32,44.79,4.89,13.45,36.77955
1720259,6.42,11.7,54.31,20.6,6.98,39.8672
1720309,1.4,33.53,60.07,1.45,3.56,36.89715
1720499,18.01,14.04,54.12,2.4,11.43,35.7593
1720655,6.17,27.1,54.03,5.64,7.05,36.9505
1720804,6.5,34.18,49.28,6.49,3.55,35.59355
1720853,5.4,20.03,46.02,8.51,20.05,39.27415
1720903,15.31,17.51,45.64,9.2,12.34,36.3645
1720937,26.04,27.99,22.98,10.1,12.89,31.8671
1720978,25.19,20.67,26.15,17.19,10.79,33.37095
1721000,4.27,18.02,55.44,10.78,11.49,39.3908
1721109,12.11,26.6,48.29,4.83,8.17,35.40845
1721208,6.95,23.67,42.46,14.77,12.15,38.01865
1721257,0.73,20.2,66.95,3.37,8.75,39.52975
1721307,4.04,40.65,50.03,1.34,3.94,35.1074
1722081,3.93,21.69,56.17,8.11,10.1,38.71805
1722107,17.52,18.39,35.2,14.19,14.7,36.00345
2100055,8.91,17.81,33.12,18.5,21.67,39.1873
2100105,6.45,23.2,59.88,4.14,6.33,37.3434
2100154,5.5,40.49,36.33,4.77,12.92,35.50975
2100204,23.61,36.26,25.82,6.68,7.64,30.7898
2100303,10.94,24.02,33.18,13.33,18.53,37.23075
2100402,6.52,44.26,34.1,8.87,6.26,34.37695
2100436,13.72,27.15,29.64,11.7,17.78,35.8528
2100477,16.76,24.05,41.61,10.95,6.63,34.65655
2100501,10.54,26.21,32.31,19.47,11.47,36.79635
2100550,4.31,20.04,47.06,3.87,24.73,39.69665
2100600,7.77,27.42,39.04,10.65,15.12,37.24905
2100709,26.37,33.76,25.29,6.72,7.86,30.405
2100808,6.61,27.9,44.92,12.72,7.86,37.091
2100832,5.38,24.89,41.33,7.2,21.18,38.5583
2100873,25.51,29.14,36.94,3.13,5.29,31.00155
2100907,24.35,26.16,33.74,7.86,7.89,32.164
2100956,16.62,28.62,33.4,12.65,8.7,34.22745
2101004,13.57,30.05,24.64,12,19.74,35.6147
2101103,6.96,46.24,25.89,6.83,14.08,34.40815
2101202,9.14,21.88,44.18,9.04,15.75,37.6639
2101251,17.63,24.56,33.29,11.47,13.05,34.80925
2101301,13.72,27.22,20.21,14.89,23.96,36.42265
2101350,35.64,33.47,23.15,4.81,2.92,27.41695
2101400,4.67,18.68,43.54,15.61,17.5,39.81785
2101509,12.66,22.54,51.28,4.64,8.89,35.9095
2101608,13.17,27.77,37.14,8.05,13.88,35.48495
2101707,16.37,29.09,28.1,10.61,15.82,34.63355
2101731,19.76,40.2,31.66,6.37,2.01,30.86455
2101772,4.62,31.66,50.13,5.69,7.92,36.77625
2101806,4.37,27.9,56.97,0.95,9.82,37.32575
2101905,18.15,42.22,20.77,13.23,5.63,31.57445
2101939,3.46,50.73,42.91,1.83,1.07,33.57895
2101970,4.51,24.73,53.27,6.39,11.1,38.09225
2102002,12.2,23.54,39.92,9.86,14.48,36.5103
2102036,15.36,10.08,47.27,9.7,17.59,37.855
2102077,10.16,51.05,28.57,4.41,5.8,32.09795
2102101,13.63,27.59,38.59,13,7.19,35.1334
2102150,4.5,50.4,33.95,6.52,4.63,33.7975
2102200,8.3,29.44,44.38,6.62,11.25,36.3412
2102309,10.7,27.37,31.57,16.51,13.86,36.61585
2102325,9.08,19.29,42.07,9.93,19.64,38.38995
2102358,9.49,22.46,46.76,8.82,12.47,37.2436
2102374,10.31,63.07,16.15,2.28,8.19,30.3286
2102408,14.33,48.08,17.57,7.81,12.22,31.98665
2102507,18.48,53.58,20.93,3.82,3.19,29.1838
2102556,3.84,14.32,44.84,22.05,14.94,40.81065
2102606,6.19,29.48,41.32,9.56,13.44,37.2116
2102705,14.93,25.89,44.78,6.16,8.24,34.7901
2102754,25.05,20.65,46.5,4.05,3.75,32.33325
2102804,21.75,21.31,32.44,11.27,13.23,34.14675
2102903,11.27,35.56,18.09,15.33,19.75,35.58275
2103000,10.1,26.35,39.63,8.62,15.31,36.6833
2103109,12.14,37.71,35.42,7.35,7.37,33.78675
2103125,16.89,26.49,51.01,3.73,1.87,33.59185
2103158,7.44,25.08,50.56,8.34,8.59,37.1356
2103174,10.28,18.62,44.41,13.26,13.44,37.8703
2103208,10.78,28.57,44.23,8.9,7.51,35.6181
2103257,10.55,20.59,33.27,12.87,22.72,38.12705
2103307,11.75,22.16,35.87,14.56,15.66,37.1374
2103406,8.9,20.58,39.73,13.77,17.03,38.23695
2103505,6.52,27.55,37.89,13.68,14.36,37.6627
2103554,13.02,36.85,18.68,6.99,24.45,34.84875
2103604,12.29,26.34,34.04,12.74,14.6,36.2073
2103703,13.89,32.22,28.24,10.62,15.02,34.8029
2103752,8.22,25.82,37.96,10.21,17.79,37.53015
2103802,19.05,25.98,39.68,7.1,8.19,33.6618
2103901,10.23,26.18,37.83,16.87,8.9,36.59495
2104008,16.58,43.61,24.1,8.36,7.35,31.7068
2104057,4.15,14.97,41.45,14.72,24.71,40.9846
2104073,2.69,39.52,44.72,3.5,9.57,36.1462
2104081,3.08,34.18,56.73,0.71,5.31,36.41845
2104099,14.11,37.86,36.07,7.39,4.58,33.02755
2104107,16.13,16.48,32.64,12.5,22.25,37.1316
2104206,16.24,37.95,30.5,8.2,7.11,32.627
2104305,9.21,34.92,17.74,12.62,25.52,36.5417
2104404,14.85,34.13,31.04,7.09,12.89,33.94385
2104503,6.94,27.91,37.52,12.39,15.24,37.49465
2104552,10.41,21.17,35.02,19.21,14.19,37.76745
2104602,7.35,42.86,38.85,4.16,6.78,34.1748
2104628,11.77,50.42,24.11,5.92,7.78,31.9524
2104651,4.33,33.79,57.95,1.12,2.82,35.9711
2104677,10.64,19,46.08,6.54,17.75,37.7118
2104701,18.28,27.95,30.28,9.91,13.58,34.08565
2104800,8.64,23.99,40.8,11.07,15.49,37.56055
2104909,14.65,39.89,29.42,6.26,9.78,32.8808
2105005,26.16,17.75,29.86,18.03,8.2,33.39805
2105104,12.63,41.72,20.48,11.06,14.11,33.691
2105153,10.89,31.51,35.26,10.04,12.3,35.5371
2105203,10.57,39.02,21.93,7.32,21.16,34.998
2105302,5.88,17.43,47.74,14.53,14.42,39.40235
2105351,14.45,28.59,43.24,6.64,7.08,34.4599
2105401,12.84,25.53,39.44,11.23,10.96,35.84785
2105427,13.86,14.22,38.08,18.15,15.69,37.90125
2105450,5.18,25.26,53.43,9.11,7.01,37.65705
2105476,11.72,31.32,51.02,3.33,2.61,34.35295
2105500,15.49,20.71,41.65,10,12.15,35.8568
2105609,6.82,22.26,44.14,4.79,21.99,38.50625
2105658,5.88,28.29,52.38,4.66,8.78,36.9302
2105708,10.26,25.65,38.24,10.75,15.1,36.82045
2105807,22.65,33.18,38.18,2.35,3.64,31.04155
2105906,8.44,43.79,36.78,4.62,6.38,33.727
2105922,6.61,26.54,57.1,4.03,5.71,36.74505
2105948,4.51,31.71,55.62,5.04,3.12,36.4259
2105963,18.11,21.1,45.82,6.43,8.54,34.65135
2105989,9.14,30.32,38.44,7.9,14.2,36.2423
2106003,8.94,21.19,46.91,8.95,14,37.69685
2106102,4.58,32.35,58.19,2.53,2.35,36.14345
2106201,6.52,36.8,31.9,16.82,7.96,35.9685
2106300,6.7,36.72,38.98,3.51,14.09,35.76025
2106326,7.16,23.29,24.42,24.86,20.27,39.0393
2106359,6.76,24,40.06,4.94,24.24,38.4263
2106375,3.63,37.17,38.82,6.98,13.4,36.6602
2106409,22.86,39.66,25.2,7.47,4.82,30.32795
2106508,24.58,35.24,19.15,14.44,6.58,30.9378
2106607,9.1,34.38,42.03,5.88,8.61,35.1623
2106631,20,28.37,29.57,5.7,16.36,33.5462
2106672,5.8,30.74,48.73,11.27,3.45,36.50945
2106706,9.54,34.15,40.41,4.51,11.39,35.20655
2106755,5.55,21.31,42.77,18.64,11.72,38.9045
2106805,6.99,27.06,45.2,15.05,5.71,37.06495
2106904,12.6,30.2,29.93,10.06,17.21,35.5994
2107001,12.32,29.44,45.84,6.02,6.37,34.847
2107100,3.16,40.01,35.9,10.96,9.98,36.3097
2107209,19.73,29.22,32.8,5.51,12.74,33.23235
2107258,7.92,32.15,49.55,3.57,6.8,35.59235
2107308,5.56,36.55,53.49,2.38,2.02,35.2092
2107357,7.9,27.59,36.93,16.05,11.53,37.17885
2107407,13.73,36.99,38.08,6.79,4.41,33.22135
2107456,20.42,35.62,22.91,11.15,9.91,32.13905
2107506,16.23,18.87,41.33,9.84,13.74,36.0339
2107605,16.92,33.26,33.97,7.49,8.35,33.19075
2107704,11.86,21.46,37.42,15.62,13.64,37.1179
2107803,5.28,40.81,45.99,4.48,3.44,34.8425
2107902,7.74,26.21,41.94,13.98,10.14,37.2444
2108009,12.38,27.14,44.18,9.01,7.3,35.38325
2108058,11.97,40.44,17.82,4.31,25.46,34.55855
2108108,4.71,25.05,34.15,20.6,15.49,38.935
2108207,16.42,21.89,31.72,12.89,17.07,35.88965
2108256,7.47,25.48,50.16,10.96,5.92,36.9898
2108306,9.55,32.34,41.06,8.68,8.37,35.4515
2108405,5.45,37.87,45.45,7.24,3.99,35.3986
2108454,14.58,17.74,27.15,15.85,24.67,37.69255
2108504,8.87,34.38,26.76,11.2,18.79,36.1787
2108603,10.74,29.17,33.04,14.21,12.84,36.15555
2108702,12.7,36.35,32.87,7.9,10.18,34.0596
2108801,7.61,23.01,48.45,13.58,7.34,37.5384
2108900,19.27,34.02,29.09,11.62,5.99,32.4394
2109007,7.54,24.28,34.84,12.48,20.86,38.2686
2109056,6.79,54.3,22,5.29,11.61,33.00035
2109106,5.46,19.25,42.63,19.2,13.46,39.3899
2109205,10.84,31.15,49.06,2.01,6.95,34.87345
2109239,11.47,21.02,56.56,6.79,4.17,36.23705
2109270,19.86,22.17,53.33,2.63,2.01,33.37275
2109304,10.18,29.86,40.08,2.32,17.56,36.0042
2109403,23.54,37.86,20.82,1.63,16.15,30.93365
2109452,7.91,25.04,38.51,13.53,15,37.68385
2109502,29.31,21.19,32.44,5.78,11.28,31.6644
2109551,4.67,18.28,32.45,26.23,18.37,40.41665
2109601,14.4,25.28,37.86,9.23,13.23,35.51745
2109700,5.17,17.46,47.32,27.63,2.41,39.34125
2109759,5.89,54.68,35.97,1.36,2.1,32.357
2109809,17.68,34.13,30.43,8.47,9.29,32.96155
2109908,7.13,21.54,35.06,16.15,20.12,38.90775
2110005,10.1,22.81,47.4,8.75,10.94,36.91005
2110039,14.65,23.5,41.67,9.78,10.4,35.5411
2110104,15.84,35.01,25.78,13.77,9.6,33.60495
2110203,10.41,30.6,40.83,11.83,6.33,35.47065
2110237,17.32,40.56,35.21,3.42,3.49,31.4646
2110278,17.59,38.03,28.65,5.61,10.13,32.33605
2110302,6.01,35.43,39.49,9.66,9.41,36.0961
2110401,19.33,34.73,32.89,7.09,5.96,32.11435
2110500,22.59,24.84,24.11,15.61,12.85,33.55075
2110609,26.99,22.86,31.39,9.17,9.59,32.09775
2110658,4.41,22.18,47.89,12.77,12.75,38.90535
2110708,12.25,29.59,40.12,10.67,7.37,35.12755
2110807,5.92,35.62,50.05,4.91,3.51,35.47025
2110856,9.64,21.92,29.31,25.49,13.63,38.10975
2110906,14.01,28.99,40.82,8.68,7.5,34.6443
2111003,15.79,55.18,17.51,4.64,6.87,29.9873
2111029,17.96,25.12,41.49,8.31,7.12,34.07555
2111052,5.4,30.71,38.63,12.48,12.77,37.3328
2111078,8.29,35.28,42.09,9.34,4.98,35.1473
2111102,8.63,24.37,31.86,12.55,22.59,38.07415
2111201,10.72,18.43,38.78,16.95,15.11,38.05015
2111250,3.9,20.36,44.82,22.1,8.81,39.461
2111300,11.77,20.77,41.43,11.01,15.03,37.14065
2111409,12.51,36.93,42.61,3.27,4.68,33.43245
2111508,13.07,24.69,39.47,9.26,13.51,35.9993
2111532,12.16,20.92,24.83,11.91,30.19,38.11065
2111573,3.69,30.88,33.21,25.01,7.21,37.96495
2111607,3.89,17.71,46.43,14.84,17.13,40.1212
2111631,8.24,27.6,56.97,1.65,5.54,36.01485
2111672,13.05,50.32,26.27,5.51,4.86,31.39035
2111706,16.11,31.41,31.41,13.29,7.78,33.92035
2111722,21.64,40.65,30.04,4.71,2.97,30.26735
2111748,15.57,27.1,33.25,7.21,16.87,35.08075
2111763,4.98,21.74,54.24,7.52,11.52,38.4894
2111789,16.2,24.83,25.74,13.61,19.62,35.72535
2111805,13.97,30.19,37.5,10.44,7.9,34.5827
2111904,6.74,31.98,40.42,11.26,9.6,36.4945
2111953,6.13,22.5,52.74,8.09,10.53,38.00555
2112001,1.54,27.38,52.04,13.2,5.84,38.4646
2112100,15.42,20.74,35.66,7.07,21.12,36.37215
2112209,11.21,22.17,37.43,12.8,16.38,37.2541
2112233,17.25,19.07,36.57,15.28,11.83,35.8252
2112274,7.05,31.4,40.18,16.34,5.03,36.4034
2112308,22.54,23.13,37.65,9.97,6.71,33.13765
2112407,15.81,25.17,28.78,13.57,16.66,35.57035
2112456,16.28,23.55,34.7,13.53,11.94,35.35375
2112506,18.64,34.56,23.94,7.72,15.14,33.004
2112605,14.39,24.8,41.11,7.52,12.17,35.4369
2112704,27.13,32.95,25.24,6.03,8.65,30.33795
2112803,17.15,30.49,24.35,16.43,11.57,34.16955
2112852,6.5,19.34,57.59,6.05,10.51,38.28275
2112902,16.43,31.52,24.81,14.48,12.77,34.2213
2113009,18.95,35.18,27.27,5.95,12.66,32.57515
2114007,9.07,30.95,39.75,9.23,11,36.00325
2200053,8.62,37.69,40.87,9.55,3.27,34.59155
2200103,28.36,28.89,24.62,7.9,10.23,30.7973
2200202,6.34,24.41,44.16,13.11,11.98,37.99185
2200251,5.44,34.48,51.87,3.21,4.99,35.79435
2200277,5.45,28.94,52.71,2.11,10.79,36.98325
2200301,4.51,44.57,34.63,7.93,8.36,34.99375
2200400,12.22,24.04,44.43,8.87,10.44,36.10235
2200459,6.01,31.18,44.41,6.31,12.09,36.77045
2200509,13.85,26.6,38.8,5.13,15.62,35.45625
2200608,12.27,24.46,36.71,12.06,14.5,36.4531
2200707,7.34,33.08,39.76,11.23,8.6,36.09435
2200806,7.68,24.3,52.93,5.59,9.51,37.12605
2200905,11.81,26.35,47.24,4.64,9.95,35.6418
2200954,10.55,35.06,48.59,4.59,1.21,34.07825
2201002,3.37,32.7,56.1,1.93,5.9,36.65125
2201051,20.7,30.57,37.94,6.34,4.44,32.2104
2201101,9.7,25.42,48.05,8.14,8.68,36.4407
2201150,5.96,28.75,55,5.43,4.85,36.59835
2201176,8.13,20.55,59.86,3.37,8.09,37.35905
2201200,12.32,30.05,35.13,13.15,9.36,35.29405
2201309,3.14,42.64,51.42,1.89,0.91,34.87355
2201408,3.68,17.35,50.26,12.09,16.63,40.07945
2201507,15.62,26.88,42.72,5.99,8.79,34.47925
2201556,6.51,23.3,62.24,3.82,4.13,37.1432
2201572,15.07,27.95,47.53,3.31,6.13,34.16175
2201606,12.37,29.46,49.56,5.72,2.88,34.5722
2201705,11.46,22.57,45.8,3.86,16.3,36.7162
2201739,6.59,31.66,50.63,6.31,4.8,36.02155
2201770,7.45,28.37,52.07,4.5,7.61,36.3937
2201804,12.55,36.37,39.19,4.31,7.58,33.75505
2201903,4.48,18.16,51.05,12.53,13.78,39.55005
2201919,4.85,36.51,49.35,5.02,4.27,35.6903
2201929,15.55,33.97,39.31,7.07,4.09,33.15075
2201945,8.02,26.35,56.29,3.25,6.09,36.37445
2201960,9.38,28.39,45.15,8.25,8.82,36.09955
2201988,2.99,32.91,61.27,0.57,2.25,36.40525
2202000,8.51,23.91,33.22,19,15.36,37.9609
2202026,5.76,27.39,58.97,2.62,5.27,36.7697
2202059,15.66,30.56,42.59,3.25,7.95,33.73815
2202075,7.85,21.49,49.12,4.68,16.86,37.9693
2202083,7.07,34.85,36.22,6.28,15.57,36.1612
2202091,11.9,35.8,48.84,1.52,1.94,33.5022
2202109,11.62,47.52,30.06,4.25,6.55,32.26815
2202117,7.47,23.92,59.81,4.75,4.05,36.81765
2202133,6.95,33.7,44.83,2.98,11.54,35.9409
2202174,7.45,39.21,47.9,2.23,3.21,34.35755
2202208,10.17,22.49,38.82,14.47,14.04,37.40865
2202251,14.74,21.33,50.6,4.61,8.72,35.49115
2202307,10.41,23.15,52.68,5.81,7.96,36.43555
2202406,13.25,29.34,48.38,1.97,7.06,34.47185
2202455,6.22,28.59,49.16,15.32,0.71,36.709
2202505,6.59,27.73,55.59,5.29,4.8,36.56935
2202539,11.83,28.32,43.64,2.23,13.98,35.51855
2202554,8.23,31.04,47.66,8.66,4.41,35.738
2202604,6.83,24.08,44.92,15.47,8.69,37.77585
2202653,4.88,32.38,56.17,2.41,4.15,36.17135
2202703,12.8,33.41,29.31,10.99,13.49,34.84335
2202711,15.36,20.15,44.15,6.09,14.24,35.94335
2202729,10.44,44.22,32.6,6.78,5.97,33.171
2202737,6.38,31.13,54.63,4.83,3.04,35.97845
2202752,9.55,25.47,37.35,10.38,17.26,37.185
2202778,6.82,26.25,50.06,5.89,10.98,37.18655
2202802,7.65,25.44,60.21,2.05,4.65,36.45975
2202851,3.54,23.38,56.38,7.44,9.26,38.4848
2202901,9.04,29.42,40.57,9.23,11.75,36.29785
2203008,6.48,28.51,38.71,10.92,15.39,37.482
2203107,9.16,27.48,38.96,10.4,14,36.7612
2203206,11.82,30.51,39.41,8.62,9.64,35.1766
2203230,6.21,29.16,45.45,11.36,7.82,36.9458
2203255,9.68,31.66,53.99,2.25,2.42,34.81125
2203271,6.01,39.93,41.22,4.9,7.94,35.104
2203305,7.83,26.09,36.02,11.94,18.13,37.7047
2203354,7.67,55.79,32.17,1.19,3.18,31.76005
2203404,13.13,17.4,50.61,10.85,8.01,36.76255
2203420,7.25,29.45,50.73,6.3,6.28,36.2798
2203453,15.29,36.98,40.33,5.17,2.22,32.55565
2203503,5.89,29.65,49.79,8.33,6.34,36.72195
2203602,3.57,23.28,62.75,3.63,6.77,38.14565
2203701,7.53,27.59,36.04,14.86,13.97,37.3955
2203750,29.96,35.65,30,3.12,1.28,28.4979
2203800,7.46,28.41,30.58,7.44,26.11,37.8122
2203859,18.47,22.39,48.33,2.08,8.73,34.1746
2203909,7.67,18.98,45.41,13.52,14.43,38.6281
2204006,4.32,16.73,74.4,3.04,1.51,38.5234
2204105,9.68,18.5,58.52,5.44,7.86,37.3096
2204154,9.99,29.31,39.71,13.04,7.96,35.9545
2204204,7.81,43.13,37.29,6.37,5.41,34.01325
2204303,7.11,36.15,40.71,5.53,10.52,35.58035
2204352,12.01,28.9,43.22,8.29,7.58,35.20585
2204402,14.4,28.03,49.53,3.15,4.88,34.24265
2204501,4.48,19.19,42.33,20.47,13.53,39.73535
2204550,13.76,35.45,38.21,7.49,5.1,33.52795
2204600,5.32,38.25,51.26,3.59,1.57,35.04015
2204659,5.63,29.15,34.05,10.57,20.6,37.96875
2204709,8.36,25.56,40.44,14.99,10.65,37.24525
2204808,10.5,20.18,52.88,6.35,10.09,37.02505
2204907,15.07,29.54,50.74,2.21,2.44,33.61965
2205003,19.69,33.43,35.94,3.97,6.97,32.13885
2205102,5.18,19.45,57.03,5.14,13.19,38.7825
2205151,9.44,37.65,36.65,7.91,8.36,34.65465
2205201,6.59,23.07,57.44,6.11,6.79,37.44455
2205250,13.18,28.09,51.19,4.07,3.46,34.51725
2205276,3.81,58.97,35.2,0.92,1.1,32.2061
2205300,4.12,19.93,58.46,8.37,9.13,38.87685
2205359,14.77,28.35,42.89,10.44,3.56,34.3351
2205409,15,25.67,40.47,9.26,9.61,35.0431
2205458,11.05,27.84,46.63,8.55,5.93,35.52985
2205508,13.74,24.51,38.88,12.32,10.55,35.7692
2205516,10.41,31.06,38.71,9.17,10.65,35.58435
2205524,16,42.62,35.76,2.66,2.96,31.4539
2205532,6.52,38.62,52.51,1.8,0.54,34.496
2205540,5.85,36.35,51.8,2.63,3.37,35.26375
2205557,10.63,36.86,34.47,7.15,10.89,34.57865
2205565,2.91,29.91,66.1,0,1.08,36.7743
2205573,7.37,32.88,33.18,17.94,8.64,36.4207
2205581,4.28,31.26,49.97,6.59,7.9,36.96215
2205599,16.44,21.56,53.92,4.61,3.46,34.60825
2205607,4.63,25.18,56.97,1.79,11.42,37.80235
2205706,13.07,23.33,31.59,8.24,23.77,36.8756
2205805,25.14,30.65,35.51,5.01,3.69,30.84705
2205854,7.42,32.81,52.47,3.75,3.56,35.42305
2205904,5.51,26.37,55.12,4.86,8.14,37.2902
2205953,5.85,25.33,34.76,11.55,22.5,38.65305
2206001,3.85,23.33,53.15,7.48,12.19,38.6124
2206050,25.15,29.15,32.1,4.03,9.58,31.44165
2206100,4.69,29.1,49.57,10.76,5.88,37.2176
2206209,12.18,23.47,42.13,13.42,8.8,36.289
2206308,8.61,32.62,25.75,11.87,21.14,36.70595
2206357,14.31,33.92,30.03,10.94,10.8,34.1535
2206407,18.16,19.52,40.76,7.54,14.02,35.3079
2206506,6.92,33.4,49.58,4.93,5.18,35.64105
2206605,22.75,31.73,38.32,3.33,3.86,31.28635
2206654,13.34,22.92,61.5,1.83,0.41,34.93785
2206670,23.47,23.98,39.73,4.85,7.97,32.60755
2206696,7.28,36.02,51.13,3.7,1.88,34.8609
2206704,7.92,21.77,60.17,2.58,7.56,37.1622
2206720,19.98,18.67,28.4,14.44,18.52,35.5555
2206753,7.63,32.56,30.32,10.47,19.02,36.78215
2206803,4.6,37.16,53.95,1.84,2.45,35.3923
2206902,5.98,42.2,36.93,11.23,3.65,34.75225
2206951,10.89,17.01,65.52,4.19,2.39,36.75515
2207009,9.96,28.82,42.18,6.61,12.42,36.05085
2207108,10.05,53.7,24.34,7.84,4.07,31.7687
2207207,10.61,26.24,37.31,13.8,12.04,36.557
2207306,9.42,31.81,47.24,1.38,10.16,35.3684
2207355,6.41,28.21,56.52,6.85,2.01,36.42265
2207405,6.11,17.32,59.77,7.17,9.63,38.68795
2207504,9.21,26.32,49.25,6.06,9.17,36.392
2207553,10.88,33.8,37.79,7.93,9.59,34.90755
2207603,17.77,30.63,40.53,5.22,5.85,33.0743
2207702,7.96,22.69,38.98,12.18,18.19,38.1891
2207751,8.29,22.85,48.78,5.99,14.09,37.50715
2207777,8.34,36.78,40.65,5.61,8.63,35.00855
2207793,14.91,28.26,52.75,0.38,3.7,33.8623
2207801,19.2,24.1,31.28,13.12,12.3,34.4604
2207850,3,51.63,43.49,1.05,0.83,33.52085
2207900,12.68,30.72,40.1,6.59,9.91,34.83185
2207934,6.15,30.34,59.52,2.38,1.62,35.9517
2207959,3.39,9.87,65.69,18.31,2.74,40.58605
2208007,10.35,20.62,45.41,10.14,13.48,37.4089
2208106,9.77,25.71,49.91,9.64,4.97,36.1896
2208205,6.4,29.26,45.5,8.31,10.54,36.93495
2208304,12.59,21.29,46.08,11.16,8.89,36.41
2208403,11.63,19.57,44.3,11.83,12.66,37.22245
2208502,5.47,28.9,50.13,4.16,11.35,37.1193
2208551,2.38,12.66,67.3,3.48,14.18,40.5838
2208601,19.23,20.3,55.38,2.11,2.98,33.87415
2208650,16.86,34.64,33.67,9.52,5.3,32.8784
2208700,12.21,33.69,41.26,3.08,9.76,34.3495
2208809,7.61,21.47,47.92,9.57,13.43,38.01945
2208858,15.69,35.66,41.22,2.72,4.71,32.7099
2208874,12.36,31.84,40.08,9.57,6.15,34.62435
2208908,4.23,17.33,40.05,32.88,5.51,40.0814
2209005,4.93,18.43,54.64,3.61,18.38,39.29995
2209104,3.78,21.09,69.47,1.91,3.75,38.12655
2209153,1.18,22.74,71.32,2.27,2.49,38.53505
2209203,4.63,19.11,37.27,25.26,13.73,39.9349
2209302,10.49,34.39,39.81,9.58,5.73,34.7365
2209351,5.23,25.44,31.76,11.22,26.35,39.069
2209377,6.92,18.15,65.21,6.47,3.25,37.85855
2209401,7.7,50.26,30.82,5.07,6.15,32.96365
2209450,13.37,36.8,28.52,11.9,9.41,33.9306
2209500,10.82,29.55,32.09,9.77,17.77,36.22145
2209559,10.54,28.49,47.2,3.38,10.39,35.6547
2209609,5.82,40.75,32.8,16.76,3.87,35.283
2209658,2.5,46.51,41.03,3.46,6.5,34.9342
2209708,9.36,30.18,50.44,3.39,6.63,35.46885
2209757,17.2,27.17,48.39,1.76,5.48,33.5713
2209807,3.54,30.85,60,2.26,3.35,36.7175
2209856,7.74,36.6,41.44,7.39,6.83,35.15345
2209872,12.4,32.73,35.03,3.96,15.88,34.9083
2209906,8.6,31.13,37.29,7.44,15.54,36.3451
2209955,10.34,19.63,63.88,2.22,3.93,36.5353
2209971,15.84,30.92,35.24,8.01,9.99,33.98655
2210003,7.92,24.34,45.76,14.33,7.64,37.30685
2210052,28.77,21.29,21.3,15.25,13.4,32.37935
2210102,7.15,9.22,73.54,3.86,6.23,39.2248
2210201,17.07,29.77,31.41,5.64,16.11,34.1364
2210300,6.78,27.52,53.12,6.32,6.27,36.7011
2210359,14.77,42.2,33.63,3.3,6.11,32.1148
2210375,11.18,48.5,27.3,8.9,4.12,32.2835
2210383,11.75,36,48.06,1.92,2.26,33.5504
2210391,29.87,34.93,28.06,0.98,6.16,28.8722
2210409,12.82,21.98,55.71,3.7,5.79,35.6852
2210508,21.25,23.75,42.32,3.69,9,33.28775
2210607,7.2,28.33,47.7,7.89,8.88,36.71115
2210623,10.56,49.3,26,4.15,10,32.53915
2210631,6.04,25.58,59.81,1.49,7.08,37.03445
2210656,12.96,20.98,53.86,3.63,8.57,35.98745
2210706,22.42,27.33,32.33,7.99,9.92,32.67265
2210805,6.08,29.57,44.73,11.24,8.38,36.9545
2210904,10.47,32.09,43.31,7.54,6.59,35.0555
2210938,6.9,37.12,47.52,6.73,1.74,34.92885
