"city_code","employed","employed.privateFormal","employed.publicFormal","employed.informal","employed.noWage","employed.subsistence","employed.owner","employed.self"
1100015,53.4,24.16,5.01,24.23,2.65,7.15,2.67,34.13
1100023,66.45,40.14,5.98,20.33,1.46,2.79,2.22,27.08
1100031,53.31,22.32,7.21,23.78,3.03,10.36,0.62,32.69
1100049,65.37,38.24,7.22,19.92,1.99,6.36,1.99,24.29
1100056,58.54,23.54,9.16,25.84,3.73,7.51,2.22,28
1100064,62.01,29.07,9.02,23.93,1.7,9.36,1.45,25.48
1100072,50.33,24.89,3.92,21.53,1.17,13.7,0.19,34.61
1100080,54.35,19.75,6.01,28.58,0.75,7.79,0.72,36.39
1100098,59.49,28.21,6.09,25.19,4.49,8.34,1,26.68
1100106,68.81,32.23,12.64,23.94,1.32,3.32,0.44,26.12
1100114,58.74,32.23,7.25,19.26,4.5,4.07,1.4,31.3
1100122,69.84,44.33,6.76,18.75,3.81,2.38,2.27,21.7
1100130,45.58,18.28,4.61,22.69,1.8,16.72,0.82,35.07
1100148,36.67,16.43,4.9,15.34,3.23,10.94,2.16,47.01
1100155,62.55,30.05,5.84,26.66,3.1,5.67,1.7,26.97
1100189,73.03,50.88,5.8,16.34,1.61,2.71,2.43,20.22
1100205,74.53,48.83,10.61,15.09,1.27,1.43,1.17,21.58
1100254,48.97,22.07,7.31,19.59,3.13,9.56,2.3,36.03
1100262,64.22,22.92,13.92,27.38,6.81,5.93,0.59,22.45
1100288,69.4,37.61,8.18,23.62,1.59,4.53,2.98,21.49
1100296,51.18,26.33,4.95,19.9,4.59,12.84,1.07,30.32
1100304,72.22,45.19,7.58,19.45,1.7,2.22,3.51,20.35
1100320,45.04,23.92,3.41,17.72,3.06,22.26,0.88,28.76
1100338,42.12,20.28,3.1,18.74,4.54,11,0.22,42.12
1100346,57.19,22.64,10.26,24.29,6,7.28,2.06,27.46
1100379,37.45,15.46,2.83,19.17,10.75,13.29,0.74,37.77
1100403,39.1,17.87,1.04,20.19,3.23,8.37,0.47,48.83
1100452,52.26,17.43,6.14,28.69,4.28,10.26,1.04,32.16
1100502,34.69,18.7,0.78,15.21,3.39,30.96,0.3,30.67
1100601,43.64,12.16,6.37,25.11,8.06,10.11,1.69,36.5
1100700,42.67,7.56,7.48,27.63,10.99,4.84,0.82,40.68
1100809,68.38,39.38,5.82,23.17,0.86,9.18,0.8,20.78
1100908,45.64,12.49,17.17,15.99,8.62,17.14,0.29,28.31
1100924,69.8,41.88,3.84,24.08,1.94,7.05,0.7,20.52
1100940,54.93,22.22,5.48,27.23,2,8,1.77,33.3
1101005,33.42,11.28,4.44,17.71,8.07,16.64,0,41.87
1101104,52.56,22.2,9.58,20.79,3.56,14.43,1.67,27.77
1101203,36.66,13.52,6.39,16.74,9.3,15.32,1.07,37.66
1101302,48.48,14.47,7.64,26.37,2.09,17.75,1.57,30.12
1101401,46.52,18.86,7.34,20.32,6.67,9.68,0.62,36.5
1101435,33.72,7.82,4.58,21.33,19.1,13.82,0.29,33.07
1101450,48.97,22.67,7.09,19.21,5.87,23.9,2.18,19.07
1101468,57.13,14.61,18.13,24.39,4.25,9.44,0.74,28.44
1101476,48.66,18.5,10.28,19.89,3.73,9.2,0.31,38.1
1101484,41.28,18.16,9.63,13.49,3.22,16.02,0.59,38.89
1101492,43.95,15.38,5.12,23.45,5.74,13.42,1.11,35.78
1101500,32.47,14.92,1.57,15.98,12.93,14.9,0.14,39.56
1101559,41.52,11.69,10.23,19.6,5.27,16.72,0.75,35.73
1101609,32.49,9.11,8.87,14.51,6.11,25.57,0.37,35.45
1101708,37.76,12.05,4.06,21.65,7.13,25.75,1.1,28.26
1101757,35.54,9.54,8.43,17.57,10.52,14.39,1.79,37.76
1101807,47.04,10.63,11.99,24.43,3.64,11.06,0.19,38.06
1200013,52.44,26.44,1.09,24.92,1.37,16.87,3.49,25.82
1200054,61.94,22.67,3.48,35.78,4.02,16.15,0.63,17.26
1200104,54.3,23.16,2.72,28.41,4.14,12.84,0.29,28.43
1200138,55.33,25.75,3.3,26.27,1.45,22.07,0.23,20.92
1200179,45.01,23.64,0.39,20.98,11.47,17.39,0.05,26.08
1200203,65.61,30.51,6.96,28.14,1.63,10.36,0.74,21.65
1200252,57.12,25.26,2.33,29.54,1.95,7.05,0.72,33.15
1200302,45.58,18.14,3.03,24.4,10.28,24.76,0.19,19.2
1200328,54.28,22.76,3.96,27.55,7.14,23.66,0.6,14.32
1200336,49.97,17.97,6.53,25.46,4.3,18.41,0.73,26.6
1200344,58.8,22.62,7.63,28.56,0.21,22.88,0.4,17.71
1200351,37.7,12.22,0.28,25.2,5.85,34.59,0.09,21.77
1200385,64.43,34,1.71,28.72,1.81,13.39,1.4,18.97
1200393,31.03,12.5,0.9,17.62,11.35,33.51,0.26,23.85
1200401,76.18,47.31,6.98,21.89,1.5,1.6,1.29,19.44
1200427,33.69,14.35,1.07,18.27,9.76,23.26,0.1,33.18
1200435,57.11,22.69,6.84,27.59,1.19,31.19,1.07,9.44
1200450,71.92,38.42,3.13,30.37,1.76,4.94,0.82,20.57
1200500,58.12,27.8,1.95,28.37,4.06,8.9,0.3,28.61
1200609,56.3,23.41,1.08,31.8,4.94,22.94,0.93,14.9
1200708,54.9,24.77,3.48,26.66,3.17,16.34,1.14,24.45
1200807,67.3,25.97,0.29,41.05,3.84,13.15,0.1,15.6
1300029,30.56,5.9,3.3,21.36,0.92,26.35,1.3,40.87
1300060,33.63,3.32,10.38,19.93,5.83,37.58,0,22.95
1300086,33.95,2.28,5.4,26.28,2.1,30.89,0.69,32.38
1300102,28.46,3.09,9.33,16.05,5.3,31.96,0.06,34.23
1300144,52.19,6.71,7.39,38.09,2.86,10.6,0.6,33.75
1300201,32.08,6.29,5.98,19.8,0.67,43.67,0,23.59
1300300,40.56,4.65,8.58,27.34,2.39,24.59,0.61,31.85
1300409,51.55,10.23,12.75,28.57,3.9,21.46,0.82,22.27
1300508,30.78,5.05,3.14,22.59,6.62,30.98,0.08,31.53
1300607,40.51,7.56,5.07,27.88,3.58,24.62,0.35,30.95
1300631,34.11,3.33,4.13,26.65,1.5,34.28,0.67,29.44
1300680,35.83,3.4,11.06,21.37,0.47,39.5,0.55,23.65
1300706,56,12.06,7.62,36.31,3.04,15.57,0.8,24.58
1300805,33.81,5.34,4.47,24.01,4.38,29.43,0.4,31.98
1300839,43.41,7.15,5.8,30.46,1.09,15.31,0.25,39.94
1300904,37.92,5.77,12.09,20.06,0.32,39.52,0.11,22.13
1301001,50.76,15.13,4.85,30.78,0.77,21.81,0.7,25.96
1301100,39.77,9.12,10.78,19.87,4.97,20.38,0.14,34.75
1301159,28.38,4.32,1.68,22.38,3.63,19.14,0.49,48.37
1301209,50.77,15.29,8.32,27.16,1.57,11.69,0.63,35.33
1301308,32.48,5.6,5.14,21.74,1.53,17.64,0.39,47.96
1301407,47.83,7.06,6.37,34.39,5.22,19.75,0.5,26.7
1301506,56.8,4.99,5.91,45.9,1.87,24.87,0.94,15.52
1301605,40.84,4.48,5.4,30.97,5.49,27.52,0.65,25.49
1301654,46.3,9.94,8.19,28.16,0.92,42.58,0.37,9.84
1301704,50.74,16.05,11.51,23.19,2.15,16.47,1.38,29.26
1301803,42.7,3.26,2.76,36.69,2.1,28.93,0.32,25.94
1301852,49.95,17.48,7.93,24.54,3,12.1,0.41,34.54
1301902,53.82,20.99,5.98,26.84,1.5,13.19,0.5,31
1301951,39.86,3.59,10.34,25.93,1.7,36.67,0.45,21.33
1302009,50.72,5.65,10.01,35.06,5.74,13.59,0.96,28.99
1302108,50.27,2.81,2.11,45.34,1.18,12.43,0.28,35.84
1302207,32.34,1.48,0.75,30.11,1.52,25.56,0.09,40.49
1302306,25.87,1.04,0.55,24.28,6.4,35.04,0,32.69
1302405,40.24,9.02,2.53,28.7,2,25.82,0.74,31.21
1302504,46.23,13.74,4.65,27.84,4.85,8.42,0.87,39.63
1302553,24.16,4.19,4.6,15.37,3.74,22.66,0.27,49.17
1302603,76.2,49.67,6.86,19.67,1.62,0.55,1.28,20.35
1302702,34.98,6.04,4.7,24.24,5.4,14.99,0.54,44.09
1302801,32.3,3.99,4.82,23.49,1.74,42.5,0.22,23.25
1302900,32.36,8,5.71,18.65,3.58,27.41,0.71,35.94
1303007,30.25,3.88,4.09,22.28,7.84,16.28,0.61,45.02
1303106,31.86,7.34,4.13,20.38,12.7,26.42,0.44,28.59
1303205,47.03,9.62,12.32,25.09,0.51,25.91,0.38,26.16
1303304,40.73,5.4,11.46,23.88,3.28,29.67,0.43,25.89
1303403,50.58,14.82,4.16,31.59,3.53,10.9,1.15,33.84
1303502,32.35,2.83,3.06,26.46,5.61,45.57,1.03,15.43
1303536,58.94,26.65,10.77,21.53,3.05,6.37,0.54,31.09
1303569,57.1,12.07,7.89,37.14,5.96,13.23,0.54,23.17
1303601,38.46,2.1,8.86,27.51,1.03,29.17,0.14,31.2
1303700,26.71,6.05,2.42,18.25,8.28,45.79,0.7,18.52
1303809,54.44,10.2,15.3,28.93,1.61,30.21,0.51,13.24
1303908,19.56,3.59,4,11.97,8.96,48.68,0.63,22.17
1303957,39.8,6.55,4.62,28.63,2.66,27.11,0.09,30.33
1304005,39.25,8.62,4.36,26.27,0.13,22.28,0.18,38.16
1304062,49.33,12.39,11.67,25.27,3.83,19.58,1.07,26.2
1304104,30.26,3.01,8.39,18.86,3.09,35.25,0.72,30.68
1304203,53.73,15.89,11.11,26.72,1.57,11.77,1.17,31.77
1304237,39.73,7.98,8.65,23.1,3.71,25.1,1.2,30.26
1304260,30.32,1.59,3.03,25.7,4.22,21.57,0.2,43.7
1304302,44.59,6.82,10.42,27.36,4.39,18.62,0.89,31.51
1304401,33.72,4.08,4.69,24.96,2.23,26.23,0.54,37.28
1400027,62.87,12.96,4.78,45.13,2.72,23.91,0,10.49
1400050,43.51,10.17,8.07,25.27,1.39,39.39,0.37,15.35
1400100,75.49,32.57,18.74,24.17,1.45,1.63,1.63,19.8
1400159,45.63,8.38,8.32,28.94,3.68,23.79,0.13,26.76
1400175,45.11,10.14,12.02,22.95,1.18,18.67,0.87,34.17
1400209,52.72,15.05,10.35,27.32,1.44,12.47,0.72,32.65
1400233,44.87,11.96,3.47,29.43,4.66,12.34,0.09,38.04
1400282,56.92,13.14,5.18,38.6,5.34,17.04,0,20.7
1400308,57.66,18.66,10.46,28.54,0.63,16.36,0.64,24.71
1400407,54.77,14.05,13.74,26.98,4.39,28.01,0.66,12.18
1400456,50.46,12.65,12.14,25.67,4.17,27.04,0.52,17.82
1400472,52.15,14.86,7.12,30.17,3,24.45,1.2,19.2
1400506,48.27,13.47,11.13,23.67,4.92,8.94,0.42,37.45
1400605,67.24,19.32,11.76,36.15,1.15,6.48,0.73,24.4
1400704,17.29,4.95,1.31,11.03,7.88,68.99,0.12,5.72
1500107,49.42,16.74,7.72,24.96,2.19,10.64,0.78,36.98
1500131,74.66,12.4,10.45,51.81,0.37,2.23,1.78,20.97
1500206,28.92,6.3,4.35,18.28,7.8,16.03,0.85,46.4
1500305,36.99,5.18,8.02,23.78,1.83,20.06,0.28,40.85
1500347,62.97,25.85,1.03,36.09,5.1,10.95,0.76,20.23
1500404,34.68,5.99,4.44,24.25,3.07,21.03,0.92,40.3
1500503,50.09,22.49,9.88,17.72,3.31,13.08,0.44,33.08
1500602,65.63,23.22,7.98,34.42,2.38,5.36,1.9,24.73
1500701,34.9,3.5,8.07,23.33,4.41,14.69,1.46,44.54
1500800,71.01,40.98,6.3,23.73,1.58,0.51,0.99,25.91
1500859,40.69,6.59,6.59,27.51,8.85,24.9,1.44,24.12
1500909,27.89,3.59,3.95,20.34,6.82,14.86,0,50.42
1500958,39.19,8.05,6,25.14,7.68,23.12,1.38,28.63
1501006,21.37,3.42,6.66,11.29,1.13,57.11,0.66,19.73
1501105,37.96,3.33,3.86,30.76,2.56,13.79,0.07,45.63
1501204,31.84,4.58,9.1,18.17,5.86,27.54,1.03,33.74
1501253,51.16,16.97,8.17,26.03,1.38,9.63,2.3,35.53
1501303,62.69,33.16,6.9,22.63,2.95,4.35,0.99,29.02
1501402,70.45,40.06,8.82,21.57,1.51,0.23,1.55,26.27
1501451,46.32,12.5,5.82,28.01,2.33,26.67,0.22,24.45
1501501,69.24,35.69,5.19,28.37,1.13,1.77,0.71,27.14
1501576,65.74,15.37,4.21,46.16,2.09,8.92,1.15,22.1
1501600,42.15,18.22,4.57,19.36,6.81,9.41,0.21,41.42
1501709,44.25,12.82,5.45,25.98,1.92,10.7,0.36,42.77
1501725,53.03,5.88,6.06,41.1,5.69,9.49,1.61,30.18
1501758,59.98,8.46,8.83,42.69,3.98,11.6,0.96,23.48
1501782,51.69,19.1,7.55,25.03,2.6,12.15,0.81,32.75
1501808,42.63,9.71,8.1,24.82,6.25,13.76,0.8,36.56
1501907,29.41,4.13,5.43,19.86,5.45,14.36,0.3,50.48
1501956,27.24,2.23,1.7,23.3,6.61,26.69,0.83,38.63
1502004,33.87,6.5,6.4,20.97,8.01,29.69,0.31,28.13
1502103,28.12,5.17,6,16.95,5.23,25.54,0.38,40.74
1502152,67.71,34.94,6.7,26.08,3.55,5.57,1.81,21.36
1502202,56.32,20.24,6.1,29.97,1.81,8.44,0.98,32.45
1502301,43.39,5.87,3.25,34.27,8.46,14.1,0.33,33.73
1502400,67.25,35.31,7,24.95,2.13,1.66,1.35,27.6
1502509,34.53,6.36,0.47,27.69,2.45,35.6,0.12,27.31
1502608,35.3,4.43,8.61,22.26,3.09,20.29,0.9,40.42
1502707,58.9,19.63,6.92,32.35,4.37,7.97,1.26,27.5
1502756,51.72,12.55,8.95,30.22,2.35,6.35,0.88,38.7
1502764,59.91,28.78,7.82,23.31,0.46,14.72,0.69,24.22
1502772,69.12,20.98,3.47,44.67,1.39,2.78,0.96,25.75
1502806,24.84,1.75,9.52,13.57,5.32,19.97,0.1,49.77
1502855,35.78,2.3,12.36,21.12,8.9,30.5,0.15,24.68
1502905,34.67,8.69,5.8,20.18,3.83,18.72,0.28,42.5
1502939,73.15,27.89,8.06,37.2,2.63,2.64,1.37,20.2
1502954,58.15,11.83,4.87,41.46,4.8,15.03,0.72,21.3
1503002,46.75,9.3,13.45,24,3.77,26.85,0,22.63
1503044,46.17,8.24,8.85,29.08,6.4,15.08,0.15,32.2
1503077,43.12,2.7,4.55,35.88,4.27,9.7,0.19,42.73
1503093,71.09,18.92,7.12,45.05,2.29,3.52,0.88,22.23
1503101,31.07,2.92,2.3,25.85,4.12,11.94,0.38,52.48
1503200,47.12,10.09,5,32.03,3.08,15.96,1.08,32.75
1503309,39.64,5.78,5.79,28.07,3.77,10.19,1.2,45.19
1503408,49.76,17.98,6.83,24.95,9.77,7.31,0.35,32.81
1503457,57.67,12.75,9.16,35.76,2.12,13.83,0.48,25.9
1503507,32.34,6.9,4.73,20.72,13.56,20.1,0.36,33.64
1503606,60.02,19.69,7.93,32.4,1.83,6.15,1.9,30.09
1503705,41.93,8.7,5.17,28.06,2.8,23.94,1.16,30.17
1503754,55.44,5.31,4.5,45.62,1.9,13.19,1.03,28.44
1503804,63.41,22.85,4.99,35.57,4.34,4.51,2.94,24.81
1503903,41.11,15.17,7.39,18.54,1.65,23.31,0.67,33.27
1504000,22.82,1.68,6.13,15.01,2.45,26.76,0.19,47.78
1504059,59.04,14.25,5.67,39.11,2.36,3.09,0.7,34.82
1504109,42.33,6.74,5.54,30.05,1.13,20.74,1.06,34.74
1504208,65.65,33.23,9.23,23.19,2.65,4.57,1.29,25.83
1504307,35.49,2.78,6.06,26.65,1.71,17.39,0.09,45.32
1504406,35.36,6.18,5.75,23.43,3.75,15.01,0.47,45.41
1504422,73.69,43.71,6.97,23.01,1.85,0.73,0.28,23.45
1504455,46.7,7.38,3.69,35.62,1.97,7.86,3.64,39.83
1504505,30.12,3.62,3.88,22.62,3.7,19.66,0.1,46.42
1504604,32.11,3.98,8.78,19.35,12.7,15.69,0.1,39.4
1504703,43.47,18.63,4.01,20.82,4.32,14.6,0.26,37.36
1504802,33.84,6.41,6.43,21,10.44,18.78,0.72,36.22
1504901,34.23,4.29,5.72,24.22,2.73,11.96,0.75,50.33
1504950,39.35,1.75,3.52,34.08,6.44,23.06,0.38,30.77
1504976,49.4,7.48,6.76,35.16,3.41,14.33,0.25,32.6
1505007,44.33,8.68,9.5,26.15,5.59,7.65,0,42.43
1505031,58.71,17.77,3.77,37.16,1.84,6.04,5.09,28.32
1505064,50.35,9.57,5.32,35.45,4.54,14.82,0.96,29.33
1505106,35.2,8.91,4.47,21.82,4.28,17.28,1.3,41.94
1505205,27.3,5.75,5.25,16.29,11.8,13.12,0.49,47.29
1505304,46.22,17.85,9.2,19.18,4.26,16.52,0.54,32.45
1505403,46.84,6.27,2.85,37.72,1.34,13.28,0.58,37.96
1505437,64.14,37.64,4.59,21.91,5.85,7.68,0.46,21.87
1505486,40.2,7.87,5.14,27.2,8.57,21.4,1.08,28.76
1505494,58.31,12.16,11.64,34.51,4.27,13.98,0.12,23.32
1505502,73.06,41.07,4.42,27.57,1.01,2.54,1.54,21.85
1505536,78.17,51.57,5.48,21.11,0.92,1.86,1.09,17.96
1505551,64.83,20.3,16.19,28.34,1.85,15.96,0.73,16.63
1505601,47.94,8.98,6.7,32.26,0.95,16.83,0.63,33.66
1505635,55.81,17.9,9.69,28.22,0.89,13.28,2.2,27.82
1505650,47.82,3.94,4.91,38.98,6.89,15.03,0.16,30.09
1505700,38.14,8.97,8.03,21.13,3.91,15.16,0.1,42.68
1505809,38.13,7.11,9.54,21.48,4.7,21.18,0.33,35.66
1505908,32.07,3.06,3.7,25.31,11.5,22.21,0.19,34.03
1506005,27.85,5.34,4.32,18.19,5.1,28.8,0.69,37.57
1506104,33.9,5.53,4.88,23.49,3.79,28.24,0.79,33.29
1506112,31.29,7.32,6.09,17.89,6.25,12.97,0.35,49.14
1506138,67.71,28.88,5,33.84,2.06,2.36,2.98,24.89
1506161,65.32,25.93,6.11,33.28,1.7,6.03,2.19,24.76
1506187,62.63,21.45,5.6,35.59,2.14,11.01,1.35,22.86
1506195,39.43,6.8,8.9,23.72,3.67,11.1,1.18,44.62
1506203,67.13,12.74,4.18,50.22,3.97,3.17,0.73,25
1506302,49.34,5.72,5.14,38.48,3.24,8.44,0.57,38.4
1506351,59.35,26.77,5.93,26.64,1.57,7.64,0.54,30.91
1506401,32.37,6.26,4.78,21.33,1.37,30.48,0.11,35.67
1506500,62.24,32.5,5.54,24.2,2.15,2.59,1.28,31.74
1506559,49.68,9.6,2.21,37.86,5.42,12.96,0.25,31.69
1506583,52.42,13.48,4.09,34.84,0.99,15.93,0.96,29.69
1506609,51.46,10.59,3.93,36.94,0.81,5.65,0.54,41.55
1506708,65.83,31.7,6.35,27.77,3.65,6.79,1.03,22.7
1506807,53.02,24.59,4.99,23.44,2.77,9.12,1.43,33.67
1506906,56.11,6.56,11.18,38.37,0.62,13.39,0,29.88
1507003,50.03,16.78,6,27.25,4.76,7.67,0.88,36.67
1507102,37.05,6.26,7.47,23.33,2.51,9.44,0.29,50.71
1507151,54.95,8.28,7.61,39.06,0.73,10.2,0.31,33.81
1507201,25.61,3.78,7.28,14.56,3.83,32.22,0.37,37.97
1507300,51.32,22.32,2.11,26.9,4.29,12.51,2.28,29.6
1507409,45.49,13.25,3.7,28.54,2.1,6.07,0.15,46.18
1507458,60.08,15.22,6.28,38.59,2.93,8.26,0.67,28.06
1507466,33.34,7.3,7.49,18.55,2.94,20.61,0,43.1
1507474,45.17,7.02,5.9,32.25,3.07,17.78,0,33.98
1507508,36.73,7.92,6.9,21.92,6.79,21.36,0.15,34.97
1507607,51.23,17.62,6.19,27.42,4.03,6.43,0.31,38.01
1507706,33.93,2.68,3.72,27.53,4.93,8.54,0.54,52.06
1507755,73.56,33.46,13.52,26.58,0.45,1.19,2.18,22.62
1507805,42.15,4.2,5.85,32.1,3.09,16.96,0.79,37.01
1507904,57.03,13.89,8.25,34.89,1.68,5.89,1.12,34.29
1507953,71.31,31.7,1.73,37.88,1.2,3.33,0.9,23.26
1507961,44.66,10.92,10.21,23.53,9.27,18,0.36,27.71
1507979,50.4,16.2,3.22,30.97,3.53,11.36,1.68,33.04
1508001,62.32,21.13,5.37,35.82,3.58,8.58,0.96,24.56
1508035,30.07,4.48,2.85,22.74,5.64,31.07,0.88,32.34
1508050,49.36,8.13,4.91,36.33,4.71,14.88,0.67,30.38
1508084,59.92,24.58,3.45,31.88,4.2,6.36,0.65,28.87
1508100,69.33,32.42,9.98,26.93,0.79,2.72,1.07,26.09
1508126,81.84,48.44,6.21,27.18,1.04,4.99,0.62,11.51
1508159,50.81,14.68,5.02,31.11,1.89,15.22,1.13,30.95
1508209,55.82,12.46,7.29,36.07,2.36,3.58,0.6,37.65
1508308,34.51,5.08,6.93,22.5,4.67,23,0.78,37.04
1508357,41.99,8.18,4.24,29.57,5.61,16.92,0.39,35.09
1508407,68.56,30.63,5.02,32.9,3.18,2.32,1.94,24
1600055,73.65,30.87,14.05,28.73,0.96,5.86,1.81,17.72
1600105,53.94,15.61,7.49,30.84,3.29,11.16,1.33,30.28
1600154,51.94,25.32,8.54,18.09,3.03,19.95,0.65,24.43
1600204,53.57,18.72,7.25,27.59,2.8,16.88,1.33,25.42
1600212,57.72,12.68,16.82,28.22,6.72,15.63,0.3,19.63
1600238,67.24,20.68,16.18,30.38,3.74,10.71,0.16,18.16
1600253,39.7,16.28,5.42,18,0.53,14.44,1.44,43.9
1600279,71.5,34.82,9.1,27.58,1.45,4.32,1.02,21.71
1600303,72.38,36.35,13.1,22.93,1.7,1.42,1.34,23.17
1600402,39.26,10.72,7.09,21.45,5.11,13.41,0.36,41.85
1600501,46.43,17.23,7.3,21.9,1.02,13.3,0.95,38.31
1600535,54.04,21.32,9.58,23.14,0.77,14.26,0.34,30.59
1600550,41.28,6.3,18.86,16.13,0.49,36.16,0.96,21.11
1600600,71.57,33.84,10.21,27.52,2.9,2.43,1.07,22.02
1600709,46.55,12.18,1.5,32.86,4.91,22.28,0.38,25.89
1600808,69.35,26.92,12.94,29.49,4.76,5.87,0.8,19.21
1700251,55.74,7.29,13.05,35.4,4.3,7.47,2.62,29.86
1700301,76.1,38.84,9.87,27.38,0.61,7.53,0,15.77
1700350,72.47,27.91,11.33,33.23,2.39,2.79,0.8,21.54
1700400,68.24,18.73,11.97,37.54,0.68,12.81,1.16,17.11
1700707,74.09,34.78,11.23,28.08,1.95,3.05,1.27,19.64
1701002,70.85,23.3,15.27,32.28,2.44,6.51,0.74,19.46
1701051,64.43,14.26,24.87,25.3,1.58,18.97,1.77,13.25
1701101,61.57,16.48,12.98,32.11,1.91,15.1,0.21,21.22
1701309,43.78,8.19,9.85,25.73,5.75,9.24,0,41.23
1701903,63.96,11.27,13.27,39.42,7.86,13.2,1.26,13.72
1702000,72.85,20.83,15.27,36.74,1.53,8.11,2.47,15.04
1702109,72.93,39.39,9.4,24.14,1.74,1.63,2.33,21.37
1702158,61.68,23.23,9.45,29,9.89,3.49,0.52,24.42
1702208,56.74,15.42,12.07,29.25,3.31,14.75,1.55,23.65
1702307,68.19,21.09,11.67,35.43,1.57,6.35,1.28,22.61
1702406,69.35,14.67,23.54,31.15,2.64,10.89,1.21,15.91
1702554,60.24,16.58,10.03,33.62,2.95,9.32,0.37,27.13
1702703,66.27,7.17,17.44,41.66,1.01,18.99,0.52,13.2
1702901,57.99,16.29,11.17,30.54,2.21,8.97,0.59,30.24
1703008,56.42,19.55,8.11,28.76,0,14.37,0.46,28.75
1703057,78.43,26.52,10.55,41.37,0,6.02,0.26,15.28
1703073,62.43,16.37,17.34,28.71,1.77,18.2,0,17.6
1703107,69.33,26.03,11.27,32.03,1.69,4.86,0.37,23.75
1703206,54.57,15.59,12.78,26.2,4.83,4.26,0,36.34
1703305,61.13,20.11,12.47,28.55,1.52,16.46,0.3,20.59
1703602,75.24,17.68,23.5,34.07,2.52,2.37,2.15,17.73
1703701,66.68,21.36,17.4,27.92,2.36,7.24,1.48,22.24
1703800,66.31,13.16,16.39,36.76,0.45,10.52,2.96,19.76
1703826,54.53,6.04,26.98,21.52,1.41,35.45,0.79,7.81
1703842,57.42,18.35,8.03,31.04,5.74,20.35,0.83,15.67
1703867,63.18,23.29,5.46,34.43,1.12,8.22,0.93,26.56
1703883,75.19,26.63,26.97,21.58,0,2.84,0.16,21.82
1703891,54.1,5.5,19.29,29.31,1.83,27.32,0,16.75
1703909,50.42,13.17,15.8,21.45,0.52,9.8,3.78,35.48
1704105,61.28,6.46,27.39,27.43,2.73,17.84,0.64,17.5
1704600,52.52,10.23,22.94,19.35,2.57,26.86,0.33,17.73
1705102,66.17,20.6,8.38,37.19,0,12.61,1.06,20.16
1705508,73.31,28.86,7.85,36.6,0.95,2.2,1.55,21.99
1705557,61.47,11.48,15.33,34.65,2.75,4.93,1.64,29.21
1705607,61.92,10.6,10.62,40.7,0.33,14.89,1.1,21.76
1706001,54.42,10.4,10.12,33.89,5.55,23.19,0.48,16.36
1706100,68.29,18.57,14.89,34.83,0.73,7.07,0.88,23.03
1706258,82.45,20.82,4.79,56.84,0.27,11.77,0,5.51
1706506,60.71,17.31,6.18,37.22,2.63,8.02,0,28.64
1707009,71.55,28.23,16.55,26.77,2.17,8,1.32,16.95
1707108,62.27,11.4,13.75,37.12,0.39,14.51,1.17,21.66
1707207,46.41,8.66,8.84,28.91,3.79,30.66,0.49,18.65
1707306,75.92,25.27,10.91,39.73,1.29,4.23,0.7,17.86
1707405,41.71,9.73,7.58,24.4,0,21.77,0.34,36.19
1707553,78.08,27.52,17.68,32.88,0,1.23,0.15,20.54
1707652,59.63,20.7,14.61,24.31,1.41,14.43,1.77,22.76
1707702,61.28,20.08,15.61,25.59,1.47,19.01,0.49,17.76
1708205,69.7,26.96,10.37,32.37,4.05,5.35,0.54,20.35
1708254,79.44,28.76,22.38,28.3,0.95,5.55,0.23,13.83
1708304,49.29,5,13.73,30.57,2.94,16.05,0.29,31.43
1709005,44.57,7.1,15.76,21.7,5.21,28.91,0.12,21.18
1709302,66.85,28.99,11.48,26.38,1.24,4.23,3.06,24.62
1709500,73.06,37.64,11.67,23.75,1.26,1.58,2.33,21.76
1709807,74.84,18.84,30.69,25.31,4.63,9.55,0.4,10.58
1710508,65.46,8.9,9.22,47.34,1.56,9.91,0.43,22.64
1710706,52.89,7.23,15.28,30.37,5.95,9.61,0.62,30.94
1710904,46.67,6.3,7.57,32.8,7.19,23.67,1.38,21.09
1711100,66.08,18.18,11.86,36.04,6.94,10.35,0.21,16.42
1711506,54.94,15.49,12.4,27.05,0.99,28.22,1.45,14.4
1711803,44.98,4.12,1.62,39.25,0,31.99,0.46,22.57
1711902,73.74,20.56,7.93,45.25,1.06,4.91,1.04,19.25
1711951,43.6,4.58,15.46,23.55,14.02,22.36,0.56,19.47
1712009,68.56,25.24,23.58,19.74,1.76,10.51,0,19.18
1712157,57.28,4.94,9.88,42.46,6.73,21.76,0,14.23
1712405,36.76,3.55,10.47,22.75,2.34,43.15,3.09,14.65
1712454,60.17,15.28,8.78,36.1,2.34,17.18,0.99,19.31
1712504,63.6,14.25,14.77,34.57,2.4,10.29,1.86,21.85
1712702,56.49,9.17,17.72,29.61,0.5,8.81,1.04,33.16
1712801,40.95,6.8,13.25,20.91,1.22,22.69,0.35,34.79
1713205,76.67,30.19,16.23,30.26,1.33,2.75,1.09,18.15
1713304,70.5,20.46,9.55,40.49,2.21,5.97,0.26,21.06
1713601,58.29,16.1,12.04,30.16,5.53,16.33,2.06,17.8
1713700,53.77,15.33,13.4,25.04,2.05,20.86,1.29,22.04
1713809,61.41,25.02,12.35,24.05,0.12,16.77,1.25,20.45
1713957,68.73,19.38,27.27,22.08,2.9,12.52,0,15.85
1714203,70.89,19.52,16.62,34.76,0.94,8.67,3.11,16.39
1714302,56.32,13.05,14.58,28.68,2.02,16.86,0,24.81
1714880,66.43,29.36,8.99,28.08,3.77,8.75,0.59,20.46
1715002,51.77,10.96,16.69,24.12,0.87,23.9,0,23.46
1715101,57.88,10.77,18.1,29.01,2,16.68,0.14,23.31
1715150,66.74,14.82,13.01,38.91,0,4.99,0.88,27.39
1715259,51.91,16.31,12.36,23.24,3.95,28.24,0,15.89
1715507,77.77,21.42,17.35,39,0.48,2.1,0.37,19.29
1715705,53.37,8.91,3.74,40.72,1.58,34.55,0,10.51
1715754,66.59,19.65,7.27,39.66,2.41,4.03,1.29,25.68
1716109,71.63,33.91,10.58,27.14,1.84,1.3,2.4,22.83
1716208,66.08,12.06,18.82,35.21,1.88,17.01,0.22,14.8
1716307,60.82,16.41,8.53,35.88,2.36,13.05,1.59,22.18
1716505,74.62,33.02,17.91,23.68,0.96,3.35,1.9,19.18
1716604,68.93,22.59,14.23,32.11,0.96,14.26,1.35,14.5
1716653,53.4,8.34,12.67,32.38,5.5,11.99,0.42,28.69
1716703,65.91,19.68,7.99,38.24,0.29,3.03,0.57,30.2
1717008,53.38,9.43,9.94,34.01,0.69,28.67,0.27,16.98
1717206,64.23,28.13,1.05,35.06,0,21.8,0,13.96
1717503,62.14,17.05,16.45,28.65,0.75,9.16,0.57,27.38
1717800,58.12,11.2,6.85,40.06,0.23,20.89,0.92,19.84
1717909,57.06,10.72,9.04,37.3,1.29,13.13,0.17,28.34
1718006,60.01,20.27,13.08,26.66,4.67,16.62,0,18.7
1718204,73.51,29.39,12.09,32.03,3.65,2.74,2.07,18.02
1718303,44.41,15.39,5.44,23.58,2.98,27.77,3.78,21.05
1718402,69.45,26.1,10.36,32.99,1.38,4.11,7.01,18.06
1718451,79.74,32.6,21.26,25.89,0.58,3.33,0.46,15.89
1718501,51.05,10.07,14.24,26.74,0.61,37.31,0,11.03
1718550,57.49,19.67,1.27,36.55,0.42,35.24,0,6.85
1718659,64.52,14.2,14.74,35.58,0.64,22.59,0,12.25
1718709,58.08,14.09,17.77,26.21,3.1,15.95,0,22.88
1718758,52.32,8.26,12.41,31.65,7.47,15.31,3.48,21.42
1718808,48.13,14.64,12.01,21.48,0.33,22.25,1.42,27.87
1718840,63.86,16.78,14.31,32.77,1.45,14.46,0,20.23
1718865,70.69,28.46,14.52,27.71,4.62,3.94,0.63,20.13
1718881,65.64,5.59,14.6,45.44,3.47,16.94,0.53,13.42
1718899,66.05,17.55,21.9,26.59,1.04,8.59,0.27,24.05
1718907,57.97,11.64,12.23,34.11,1.19,26.1,0.17,14.57
1719004,69.36,20.09,19.28,29.99,3.13,7.53,0,19.98
1720002,62.88,19.94,13.64,29.31,1.18,21.18,0.74,14.02
1720101,63.88,20.24,11.34,32.3,1.18,8.7,0.76,25.48
1720150,73.89,8.57,28.89,36.43,1.39,20.5,0,4.23
1720200,61.17,16.61,9.85,34.71,0.63,11.52,0.16,26.52
1720259,72.45,23.22,27.28,21.95,1.16,8.28,0,18.1
1720309,51.9,9.51,22.9,19.49,0.49,24.46,0,23.14
1720499,59.84,17.19,5.14,37.51,4.27,15.21,0.5,20.18
1720655,69.87,12.85,15.05,41.97,1.94,12.53,1.94,13.73
1720804,43.5,13.81,4.31,25.38,1.46,30.25,0.19,24.6
1720853,72.58,18.35,23.18,31.06,7.32,0.77,0.34,18.99
1720903,62.22,15.88,12.44,33.91,0.93,15.57,1.38,19.9
1720937,58.96,15.46,22.59,20.91,0.91,26.97,0.57,12.59
1720978,64.14,22.91,15.14,26.1,1.52,20.47,1.43,12.44
1721000,79.44,39.14,18.01,22.29,1.04,1.08,2.06,16.38
1721109,62.77,12.58,21.82,28.37,4.1,14.14,1.09,17.91
1721208,70.58,24.31,12.39,33.88,3.26,8.27,0.95,16.93
1721257,73.73,18.71,32.04,22.99,1.7,7.16,1.46,15.94
1721307,55.18,6.2,15.93,33.04,5.59,14.22,0,25.01
1722081,59.75,21.74,8.67,29.34,0.67,7.37,0.23,31.98
1722107,65.52,26.14,11.69,27.69,2.39,8.55,0.6,22.94
2100055,69.39,36.52,5.24,27.63,2.61,3.54,2.32,22.14
2100105,76.58,15.18,10.66,50.74,0.54,3.26,0,19.62
2100154,53.56,11.34,6.04,36.18,5.63,26.27,0.64,13.9
2100204,44.24,8.82,10.76,24.67,3.18,28.84,0.17,23.58
2100303,51.09,22.77,3.27,25.05,2.37,27.65,0.5,18.39
2100402,49.25,11.52,16.46,21.27,2.1,18.48,0.65,29.53
2100436,47.16,8.15,3.97,35.04,3.26,10.34,0,39.24
2100477,36.04,4.45,7.38,24.21,6.23,24.55,0.15,33.04
2100501,64.1,14.02,9.5,40.58,3.42,11.3,1.85,19.32
2100550,44.37,5.01,5.89,33.47,2.04,26.84,0.15,26.59
2100600,48.64,4.24,5.13,39.28,5.03,18.47,0.44,27.43
2100709,28.86,5.77,5.86,17.24,5.61,39.63,0.15,25.74
2100808,49.24,9.58,8.72,30.95,6.87,23.89,0.34,19.66
2100832,29.43,2.66,7.02,19.74,1.44,8.51,2.64,57.98
2100873,38.15,2.34,13.02,22.79,1.4,22.27,0.31,37.87
2100907,33.71,6.45,5.84,21.42,4.62,27.84,0.86,32.97
2100956,41.28,4.41,8.26,28.6,1.1,34.56,0.19,22.87
2101004,54.19,20.04,3.58,30.58,2.35,20.17,0.57,22.71
2101103,32.89,4.83,9.59,18.46,1.05,20.29,0.18,45.59
2101202,58.19,19.39,4.66,34.14,2.51,6.53,1.14,31.63
2101251,55.63,23.84,6.28,25.51,1.78,21.54,0.23,20.82
2101301,43.17,4.37,6.11,32.69,4.37,13.83,0.44,38.19
2101350,41.18,8.47,7.08,25.62,0.25,44.24,0,14.33
2101400,72.96,36.83,5.07,31.07,0.81,4.17,2.38,19.67
2101509,57.53,27.39,3.91,26.23,1.29,15.73,0.5,24.94
2101608,49.5,11.4,5.87,32.23,4.44,13.97,1.15,30.94
2101707,42.07,10.57,3.77,27.73,7.6,24.78,0.85,24.7
2101731,25.87,2.28,7.19,16.4,0.88,48.65,0.53,24.08
2101772,37.1,8.78,5.14,23.18,2.67,20.87,0,39.36
2101806,33.44,13.22,4.85,15.36,1.31,55.64,1.18,8.43
2101905,48.84,8.96,1.81,38.07,5.04,23.08,0,23.04
2101939,54.8,2.07,8.1,44.64,1.07,8.07,0.13,35.93
2101970,49.56,8.98,11.61,28.96,1.85,14.18,0.15,34.26
2102002,45.87,7.87,3.76,34.24,3.17,19.04,0.28,31.64
2102036,52.44,19.52,5.15,27.78,4.66,20.48,0.4,22.02
2102077,36.22,8.7,2.53,24.99,3.82,25.42,0,34.55
2102101,48.63,11.55,6.43,30.64,2.26,18.17,0.68,30.26
2102150,44.81,6.93,0.5,37.37,14.59,15.4,0,25.21
2102200,34,6.23,5.48,22.29,8.26,43.25,0.24,14.26
2102309,55.48,9.74,4.83,40.91,4.05,12.31,0.44,27.72
2102325,49.9,9.5,5.81,34.59,4.38,9.98,0.51,35.23
2102358,47.6,6.71,9.25,31.65,4.92,21.16,0.93,25.39
2102374,21.33,1.87,4.07,15.39,0.93,35.81,0.36,41.58
2102408,23.03,4.93,2.64,15.46,1.35,53.62,0.67,21.33
2102507,25.9,2.92,3.6,19.38,0.62,39.44,0.64,33.41
2102556,72.89,44.62,5.58,22.69,2.16,6.29,0.65,18
2102606,32.67,3.37,6.62,22.67,5.05,21.32,0.57,40.39
2102705,46.59,8.37,9.35,28.87,1.44,24.33,0.09,27.56
2102754,44.85,8.61,8.7,27.54,2.43,28.98,0,23.75
2102804,65.29,24.34,3.99,36.96,1.44,10.82,0.94,21.52
2102903,42.78,5.41,5.42,31.95,4.35,10.96,1.15,40.77
2103000,57.11,19.2,7.17,30.73,2.89,8.66,1.03,30.31
2103109,33.92,2.71,7.05,24.17,3.06,16.01,1.15,45.86
2103125,31.59,3.42,2.23,25.93,5.13,28.92,0.38,33.98
2103158,42.33,1.22,2.45,38.66,0.6,21.45,0.57,35.05
2103174,60.45,17.8,5.29,37.36,1.07,14.82,0,23.65
2103208,53.36,17.11,5.51,30.74,5.15,16.88,0.87,23.73
2103257,56.3,21.33,7.83,27.14,3.11,15.66,1.08,23.85
2103307,50.5,18.28,3.52,28.71,2.57,14.15,0.95,31.83
2103406,60.46,24.26,5.65,30.55,2.45,15.22,0.33,21.54
2103505,56.71,13.6,4.7,38.4,3.99,10.24,1,28.06
2103554,25.41,2.62,4.17,18.61,3.94,11.39,0.54,58.72
2103604,46.62,8.08,3.46,35.08,5.37,19.35,0.15,28.51
2103703,37.31,10.92,2.74,23.66,2.64,8.04,2.09,49.91
2103752,69.1,26.8,5.98,36.32,1.47,7.34,0.8,21.3
2103802,64.64,9.95,4.93,49.76,2.8,4.4,0.63,27.52
2103901,49.63,8.99,5.36,35.27,1.95,32.86,0.27,15.3
2104008,45.2,3.23,5.57,36.41,6.27,17.05,0.61,30.86
2104057,74.53,43.33,5.57,25.63,1.65,5.03,1.33,17.47
2104073,31.59,2.39,7.04,22.16,7.89,40.45,0.58,19.49
2104081,17.96,2.82,6.44,8.7,3.56,59.15,0,19.34
2104099,39.94,6.4,7.22,26.32,5.21,32.91,0.49,21.45
2104107,59.48,18.58,9.3,31.6,1.04,11.8,0,27.68
2104206,50.51,12.81,9.54,28.16,2.59,12.32,0.11,34.47
2104305,42.18,14.47,5.95,21.76,1.43,13.92,0.58,41.89
2104404,47.16,10.79,6.18,30.19,3.63,12.57,0.45,36.19
2104503,47.33,12.15,3.74,31.44,1.67,13.73,0,37.27
2104552,64.57,27.79,3.72,33.06,7.48,4.71,0.51,22.73
2104602,42.43,9.24,8.81,24.39,4.72,25.26,1.05,26.54
2104628,44.86,5.98,10.96,27.92,3.47,27.58,0.23,23.86
2104651,50.57,3.78,4.19,42.6,3.35,5.04,0,41.04
2104677,49.34,2.84,5.93,40.57,4.51,16.85,0.46,28.84
2104701,46.24,9.99,4.11,32.14,4.24,10.57,2.61,36.33
2104800,57.63,17.88,4.79,34.96,3.96,11.46,1.13,25.82
2104909,33.08,2.36,7.04,23.69,3.05,21.34,0.18,42.34
2105005,33.49,3.8,6.71,22.97,2.56,27.27,0.6,36.08
2105104,34.23,4.34,5.33,24.56,1.82,27.75,0.54,35.66
2105153,41.68,8.19,10.04,23.45,6.12,21.14,0.17,30.89
2105203,42.89,4.87,4.41,33.62,3.99,15.98,1.15,35.98
2105302,68.04,38.5,3.8,25.75,1.7,1.56,2.08,26.61
2105351,36.71,4.21,5.16,27.33,6.52,33.01,2.31,21.46
2105401,48.26,16.46,3.36,28.44,2.62,20.35,0.28,28.49
2105427,60.56,19.86,5.89,34.8,3.86,9.71,1.23,24.64
2105450,39.99,9.84,8.47,21.68,15.04,9.66,0.39,34.92
2105476,27.32,3.71,5.33,18.28,4.96,49.75,0.11,17.86
2105500,67.46,23.37,6.28,37.81,1.78,5.57,0.3,24.89
2105609,38.25,10.05,3.44,24.76,6.14,19.9,0.36,35.36
2105658,42.4,4.22,16.74,21.44,7.4,21.29,0.53,28.39
2105708,54.66,8.12,5.17,41.37,7.31,7.38,1.39,29.26
2105807,31.15,6.08,8.88,16.19,1.57,11.27,0.11,55.9
2105906,32.75,3.87,8.99,19.89,8.64,23.8,0,34.81
2105922,39.76,15.32,7.83,16.6,7.47,24.26,0.56,27.95
2105948,41.51,6.09,6.54,28.88,6.92,6.79,0.43,44.35
2105963,45.56,5.32,7.81,32.43,6.09,17.7,0,30.65
2105989,49.11,10.95,8.98,29.19,4.65,20.75,0.96,24.52
2106003,45.87,9.45,4.35,32.07,0.94,17.57,0.54,35.08
2106102,54.13,12.7,11.85,29.58,0.94,31.09,0.13,13.71
2106201,51.45,6.77,8.17,36.52,2,8.1,0.61,37.83
2106300,41.64,7.6,3.84,30.19,6.01,32.52,0.49,19.35
2106326,55.88,8.39,8.13,39.36,2.67,9.69,0.64,31.12
2106359,29.61,2.3,5.06,22.26,0.64,42.45,0.16,27.14
2106375,38.72,2.32,7.54,28.86,4.93,29.3,0,27.04
2106409,52.8,9.96,11.63,31.21,1.21,12.64,0.28,33.07
2106508,36.58,6.97,6.63,22.98,0.75,22.9,0,39.77
2106607,40.89,8.26,10.87,21.76,4.27,19.82,0,35.02
2106631,37.78,3.75,6.25,27.79,8.75,28.03,0.27,25.17
2106672,26.2,5.01,2.74,18.45,1.69,32.99,0,39.12
2106706,46.12,6.47,4.27,35.39,3.12,29.47,0.53,20.76
2106755,52.25,16.97,8.11,27.17,2.73,10.38,0.61,34.03
2106805,38.96,7.67,4.55,26.74,4.58,15.21,0.39,40.87
2106904,26.79,3.82,5.08,17.88,6.08,16.95,0.93,49.25
2107001,48.41,8.78,3.15,36.48,2.51,30.77,0.35,17.96
2107100,25.58,5.18,3.49,16.91,3.67,39.37,0.09,31.29
2107209,32.05,4.57,11.86,15.62,1.1,37.46,0.63,28.77
2107258,50.92,8.99,13.91,28.03,0.25,24.77,7.15,16.91
2107308,55.84,10.38,8.35,37.11,0.76,20.3,0.88,22.22
2107357,55.01,4.57,9.14,41.31,1.92,13.75,0.54,28.78
2107407,50.62,10.88,4.6,35.15,6.94,12,0.78,29.66
2107456,41.85,6.28,8.32,27.25,0.57,32.36,0,25.22
2107506,71.64,41.3,6.05,24.29,3.28,2.06,0.76,22.26
2107605,42.96,5.32,2.64,35,1.8,28.35,0.37,26.53
2107704,56.52,17.16,5.94,33.42,4.42,18.55,0.74,19.77
2107803,40.27,8.91,15.63,15.73,9.05,25.88,0.34,24.46
2107902,57.39,10.53,2.98,43.88,0.87,16.72,0.11,24.91
2108009,45.22,7,3.77,34.45,5.47,22.2,0.57,26.55
2108058,39.19,2.49,1.3,35.41,8.55,27.57,0.17,24.52
2108108,54.72,7.79,7.31,39.61,2.86,13.34,1.01,28.08
2108207,57.18,18.21,5.59,33.39,2.38,7.45,1.37,31.62
2108256,29.54,3.97,4.99,20.58,7.52,34.07,0.27,28.59
2108306,34.73,4.41,7.59,22.72,4.39,18.73,0.44,41.71
2108405,36.7,5.3,11.25,20.15,0.25,35.26,0.13,27.67
2108454,56.93,11.1,6.65,39.17,0.12,17.84,0.17,24.95
2108504,52.19,12.44,4.78,34.97,2.28,12.58,0.51,32.44
2108603,47.67,14.58,5.63,27.45,2.73,13.2,0.87,35.54
2108702,37.27,9.62,4.86,22.79,4.08,15.64,0,43
2108801,51.55,8.53,6.11,36.91,1.68,19.81,0.31,26.65
2108900,34.5,9.27,3.69,21.54,7.3,15.12,0.21,42.87
2109007,64.83,25.56,9.77,29.5,5.32,5.22,0.67,23.97
2109056,33.14,6.55,4.81,21.79,3.16,10.82,0.64,52.24
2109106,60.65,17.9,5.77,36.98,2.31,5.6,1.25,30.19
2109205,40.42,6.51,1.99,31.93,4.15,37.84,0,17.58
2109239,71.65,2.13,16,53.53,1.25,8.75,0.18,18.18
2109270,34.17,7.77,2.66,23.75,5.09,29.06,0,31.67
2109304,33.2,5.49,1.76,25.94,6.58,28.58,0,31.64
2109403,27.91,3.76,5.78,18.37,3.52,32.61,0.58,35.38
2109452,53.78,18.3,4.19,31.29,1.85,5.86,0.81,37.71
2109502,48.6,7.3,4.79,36.51,12.79,19.02,0.15,19.44
2109551,67.44,27.84,7.56,32.04,0.3,13.8,1.03,17.43
2109601,53.71,20.13,7.25,26.33,3.27,10.67,0.81,31.54
2109700,53.76,6.95,7.61,39.2,1.1,20.21,0.21,24.72
2109759,46.66,7.2,4.76,34.69,10.91,17.19,0,25.24
2109809,37.98,5.9,7.09,25,3.72,13.51,0.23,44.56
2109908,59.74,30.41,2.15,27.18,1.52,4.29,1.03,33.42
2110005,48.36,7.84,6.12,34.4,6.84,21.38,0.54,22.88
2110039,46.29,5.94,10.1,30.25,2.85,13.07,0.63,37.16
2110104,44.88,6.27,2.76,35.86,6.96,18.91,0.55,28.69
2110203,56.25,16.57,4.74,34.94,2.86,20.85,0.93,19.1
2110237,60.15,11.09,4.71,44.35,1.58,27.46,0,10.82
2110278,28.25,3.62,4.79,19.84,1.88,43.36,0,26.51
2110302,44.02,6.96,7.43,29.63,0.81,21.4,0.4,33.37
2110401,48.66,5.44,4.86,38.36,4.31,23.03,0.24,23.77
2110500,45.69,6.83,4.78,34.08,7.06,20.31,0.45,26.49
2110609,49.66,8.13,2.01,39.52,5.07,25.5,0.22,19.55
2110658,64.91,17.93,4.27,42.7,7.09,11.79,0.92,15.3
2110708,52.5,6.54,5.42,40.54,4.13,16.33,0.59,26.45
2110807,46.93,12.64,5.33,28.95,4.9,31.22,0,16.96
2110856,59.62,19.86,4.43,35.33,2.13,12.42,2.22,23.61
2110906,29.09,7.89,2.56,18.64,19.31,38.34,0,13.26
2111003,31.3,1.99,8.5,20.8,3.08,42.81,0.68,22.13
2111029,37.2,2.45,9.5,25.25,6.5,27.19,0.26,28.86
2111052,55.22,10.04,9.87,35.32,6.27,17.7,0.64,20.16
2111078,33.85,5.11,4.65,24.09,9.85,9.11,0.26,46.92
2111102,47.13,16.52,3.49,27.12,2.91,14.21,1.18,34.57
2111201,73.9,40.6,4.26,29.04,0.94,1.11,0.38,23.67
2111250,55.86,6,8.47,41.39,0.44,22.22,0.42,21.07
2111300,75.03,44.02,7.6,23.4,1.8,0.78,1.37,21.02
2111409,32.9,4.7,8.47,19.73,3.45,23.06,0.18,40.42
2111508,50.26,18.35,4.78,27.13,2.34,16.55,0.39,30.46
2111532,64.33,21.17,7.84,35.32,2.08,5.23,2.73,25.63
2111573,62.79,7.86,15.74,39.2,1.73,7.07,2.97,25.44
2111607,58.38,16.13,8.38,33.87,4.53,10.26,1.24,25.59
2111631,40.78,5.6,5.46,29.71,2.16,40.05,0,17.01
2111672,50.56,4.24,9.79,36.52,1.67,28.32,0,19.46
2111706,41.41,8.68,5,27.72,6.04,34.71,0.18,17.66
2111722,37.09,5.47,3.33,28.29,0.32,43.23,0,19.36
2111748,46.81,12,9.7,25.1,4.05,29.54,0.77,18.84
2111763,50.96,10.39,9.33,31.24,2.91,14.06,1.33,30.74
2111789,24.92,1.71,10.66,12.55,1.05,38.81,0.15,35.06
2111805,46.89,4.03,10.67,32.19,6.64,19.86,0.25,26.36
2111904,47.17,5.17,9.46,32.53,4.31,25.69,0.09,22.74
2111953,70.02,10.72,5.14,54.16,0.25,15.21,0.23,14.29
2112001,62.03,17.03,8.67,36.33,0.34,29.06,0.11,8.45
2112100,30.5,10.76,3.93,15.81,3.23,35.1,0.22,30.95
2112209,67.54,30.52,6.73,30.3,2.15,2.71,0.54,27.05
2112233,52.55,13.17,3.71,35.67,0.3,7.09,0.22,39.83
2112274,38.36,5.72,14.46,18.19,2.57,25.96,0,33.1
2112308,45.78,6.79,2.66,36.32,6.49,22.37,0.34,25.01
2112407,37.4,3.77,8.06,25.56,4.3,20.33,1.32,36.65
2112456,36.96,4.68,2,30.28,6.27,18.36,0.07,38.34
2112506,43.7,10.25,2.99,30.46,8.15,19.07,0.45,28.63
2112605,45.53,15.17,6.54,23.82,5.43,26.5,1.41,21.13
2112704,43.58,10.52,2.46,30.6,5.13,17.43,0.49,33.38
2112803,37.28,7.23,2.94,27.1,5.22,18.92,0.42,38.16
2112852,62.96,14.51,0.1,48.35,4.87,8.49,1.12,22.57
2112902,45.16,11.68,7.46,26.02,6.91,15.97,0.76,31.21
2113009,46.82,8.95,4.03,33.83,7.78,13.14,1.1,31.16
2114007,48.82,8.78,3.6,36.43,3.64,14.03,0.76,32.76
2200053,24.95,10.37,0.23,14.34,4.97,22.88,0.35,46.85
2200103,60.05,13.68,4.4,41.97,3.49,10.14,0,26.32
2200202,66.47,17.89,3.39,45.19,1.79,3.18,1.11,27.45
2200251,36.32,11.43,1.78,23.1,3.32,5.84,0.18,54.34
2200277,53.76,14.25,6.82,32.69,0.97,12.19,0.25,32.83
2200301,44.51,10.26,2.14,32.11,1.75,30.33,0.54,22.86
2200400,49.64,19.22,7.03,23.38,3.76,19.14,0.54,26.93
2200459,48.62,10.42,5.78,32.41,3.79,31.07,0,16.53
2200509,47.35,16.48,5.71,25.15,2.55,25.7,0.85,23.55
2200608,52.9,10.98,6.77,35.15,1.72,20.81,0.33,24.24
2200707,47.42,14.91,0.99,31.52,2.93,19.61,0.53,29.52
2200806,64.1,20.61,13.91,29.57,5.89,22.24,0.33,7.44
2200905,58.35,20.6,2.62,35.13,6.38,16.28,1.47,17.52
2200954,24.72,9.23,1.7,13.79,0.97,66.58,0,7.73
2201002,63.87,27.58,3.58,32.71,1.46,22.3,0,12.37
2201051,63.19,2.92,22.37,37.91,1.61,19.5,0,15.7
2201101,47.02,10.27,10.68,26.07,3.42,22.7,0.41,26.45
2201150,57.93,22.45,6.51,28.97,4.92,19.88,0.84,16.43
2201176,50.75,23.52,2.02,25.22,2.74,34.97,0.79,10.74
2201200,54.04,21.95,2,30.08,1.59,17.48,0.42,26.47
2201309,34.12,11.43,0,22.69,3.94,15.52,0,46.43
2201408,67.01,34.24,1.2,31.57,0.53,2.4,0.85,29.22
2201507,49.49,12.63,5.71,31.15,3.42,28.49,0.52,18.08
2201556,35.76,12.86,1.97,20.93,2.06,52.66,0.85,8.67
2201572,50.06,9.61,5.39,35.05,2.55,16.27,0,31.12
2201606,49.13,13.19,0.88,35.06,5.48,23.48,0.11,21.8
2201705,65.65,16.1,0.78,48.78,1.1,11.28,0.16,21.81
2201739,26.21,8.07,0.13,18.01,5.13,51.37,0.2,17.09
2201770,47.16,9.41,7.25,30.51,7.25,22.05,1.7,21.84
2201804,50.67,6.99,8.98,34.69,4.81,21.99,0.16,22.37
2201903,64.47,20.65,6.72,37.1,2.59,7.94,2.68,22.32
2201919,54.4,6.86,8.78,38.76,6.07,13.96,0.36,25.21
2201929,39.11,15.09,0.44,23.57,3.57,30.4,0,26.91
2201945,65.18,21.64,8.02,35.51,4.55,17.91,1.78,10.58
2201960,59.22,27.37,0.48,31.37,4.51,16.78,0.18,19.32
2201988,43.93,2.65,4.94,36.33,5.09,13.63,0.45,36.9
2202000,49.04,14.39,1.84,32.8,4.54,14.47,0.38,31.58
2202026,57.3,13.41,4.84,39.05,2.31,26.65,0.04,13.7
2202059,55.05,18.95,3.46,32.64,2.57,28.64,0,13.74
2202075,41.59,9.39,6.08,26.12,8.02,26.7,0,23.69
2202083,50.48,16.16,8.81,25.51,0.6,16.82,0.15,31.94
2202091,49.49,6.65,5.56,37.28,1.44,15.89,0,33.18
2202109,53.35,13.6,0.8,38.95,0.31,38.33,0.35,7.66
2202117,63.69,21.44,1.99,40.26,3.77,23.34,1.27,7.93
2202133,49.93,5.77,8.27,35.89,7.15,17.42,0.24,25.27
2202174,41.24,5.78,5.16,30.3,2.47,25.16,0.32,30.81
2202208,65.34,21.77,6.95,36.62,2.42,4.23,1.1,26.9
2202251,50.04,9.59,3.16,37.29,2.69,23.88,1.6,21.8
2202307,55.07,20.14,5.46,29.47,7.39,16.51,0.15,20.87
2202406,58.61,19.77,2.32,36.52,4.65,13.87,0.37,22.51
2202455,44.16,13.04,1.17,29.95,4.65,41.46,1,8.74
2202505,43.03,17.89,0.51,24.63,2.22,24.91,0.37,29.48
2202539,65.23,10.76,1.07,53.4,0.95,6.78,0,27.03
2202554,53.8,12.32,13.46,28.03,3.49,16.12,0.87,25.72
2202604,55.01,22.43,2.15,30.44,5.85,10.01,0.07,29.07
2202653,49.93,17.17,0.22,32.54,1.8,15.74,0,32.53
2202703,36.46,10.17,0.72,25.57,9.53,22.21,0.68,31.13
2202711,52.72,17.07,7.8,27.86,5.34,23.76,0,18.17
2202729,38.86,20.83,1.25,16.78,1.19,47.88,0.22,11.85
2202737,43.29,5.19,5.16,32.94,8.36,17,0.46,30.89
2202752,58.3,9.16,9.25,39.89,4.61,15.4,0.75,20.94
2202778,64.18,17.25,1.85,45.08,8.75,9.36,1.06,16.64
2202802,36.86,10.07,0.13,26.66,5.82,38.14,1.45,17.73
2202851,43.42,17.78,1.25,24.38,0,48.45,0.41,7.72
2202901,57.43,13.04,11.8,32.59,3.24,13.98,1.31,24.04
2203008,47.17,5.73,8.96,32.47,1.05,23.97,0,27.81
2203107,44.16,9.43,6.31,28.41,4.77,28.78,2.34,19.96
2203206,55.64,13.55,8.6,33.49,3.82,16.49,1.69,22.36
2203230,31.81,8.81,2.3,20.7,3.98,46.55,1.72,15.94
2203255,44.55,13.57,1.95,29.03,2.04,26.67,0.3,26.45
2203271,33.34,10.04,1.1,22.2,1.37,54.43,0,10.86
2203305,62.26,24.98,4.38,32.89,1.31,9.42,0.8,26.21
2203354,46.75,15.26,2.88,28.61,2.99,40.47,0.51,9.28
2203404,55.94,12.68,3.4,39.86,1.71,11.33,0.11,30.91
2203420,63.26,16.32,1.26,45.68,0,21.36,0,15.38
2203453,24.46,4.87,2.83,16.76,6.47,55.23,0,13.84
2203503,57.45,21.94,1.48,34.03,5.89,16.24,0.09,20.32
2203602,58.74,16.79,7.55,34.4,2.88,16.4,1.76,20.22
2203701,60.32,14.71,4.61,41,1.62,13.4,0.62,24.04
2203750,30.01,12.43,0,17.58,2.39,43.96,0,23.64
2203800,38.91,16.23,2.69,19.99,4.07,43.16,0,13.86
2203859,43.89,15.83,0.43,27.63,0.29,46.4,0,9.42
2203909,67.76,33.03,7.81,26.92,1.07,5.94,1.35,23.88
2204006,52.96,22.69,1.41,28.86,4.21,25.39,0.24,17.2
2204105,64.23,29.87,1.33,33.02,0.57,15.06,0,20.14
2204154,64.77,17.76,13.78,33.22,3.28,16.08,0.32,15.55
2204204,45.62,8.11,6.23,31.28,1.82,13.62,0.22,38.71
2204303,57.58,22.16,7.19,28.22,2.56,9.44,0.36,30.06
2204352,46.67,15.38,2.5,28.79,2.02,37.55,0,13.76
2204402,55.9,15.2,1.12,39.57,1.03,18.18,0.56,24.33
2204501,73.33,27.37,9.98,35.97,1.76,4.28,0.77,19.86
2204550,63.31,17.58,0,45.73,3.16,21.19,0.35,11.99
2204600,65.5,29.03,3.94,32.54,5.13,18.88,0,10.48
2204659,41.41,9.8,9.72,21.89,3.38,10.82,0.14,44.25
2204709,46.34,8.76,5.9,31.68,3.66,24.64,0.71,24.66
2204808,51.9,12.6,6.08,33.22,1.95,22.11,0.26,23.78
2204907,39.72,16.76,3.11,19.84,7.87,32.9,0.19,19.32
