"city_code","time.5min","time.6_30min","time.30_60min","time.1_2h","time.2hplus","time.avg"
1100015,33.17,52.78,7.71,3.61,2.73,21.1534
1100023,18.26,72.7,7.05,1.22,0.76,19.1815
1100031,48.88,39.31,8.77,2.38,0.67,16.4123
1100049,23.88,65.73,7.8,1.77,0.82,19.1124
1100056,36.24,55.72,5.79,1.76,0.49,16.6191
1100064,28.8,60.69,8.11,1.79,0.61,18.3567
1100072,42.73,47.81,6.71,1.88,0.88,16.5098
1100080,32.35,55.36,8.09,3.18,1.02,19.3088
1100098,30.61,59.52,4.37,2.41,3.09,20.0876
1100106,21.69,69.93,6.62,0.82,0.95,18.5289
1100114,21.49,71.39,5.98,0.69,0.45,17.7767
1100122,20.01,69.25,8.23,1.32,1.18,19.773
1100130,28.19,60.67,7.68,2.4,1.06,19.2181
1100148,30.78,60.89,6.77,0.85,0.71,17.1627
1100155,25.54,63.92,8.61,1.13,0.81,18.6461
1100189,24.23,67.55,6.18,1.4,0.64,18.1795
1100205,9.91,60.62,22.09,5.69,1.68,28.4846
1100254,32.14,56.92,6.48,3.23,1.23,19.1516
1100262,51.66,34.24,11.21,2.24,0.65,16.5867
1100288,22.8,67.75,7.84,1.28,0.33,18.411
1100296,31.96,56.65,8.43,1.89,1.07,18.5735
1100304,19.64,72.69,6.28,0.98,0.42,18.2782
1100320,29.15,61.05,7.86,1.54,0.39,17.8375
1100338,32.67,58.21,6.14,1.57,1.4,17.9673
1100346,35.47,49.85,11.18,2.94,0.56,19.0955
1100379,32.85,51.05,11.96,3.53,0.61,20.1225
1100403,24.79,65.92,7.44,1.42,0.43,18.2471
1100452,29.39,59.94,6.87,0.95,2.85,19.6252
1100502,51.04,39.12,7.35,1.28,1.21,15.5051
1100601,42.76,47.02,8.16,1.58,0.47,16.2596
1100700,39.57,46.5,9.26,3.2,1.47,19.1595
1100809,15.43,51.33,25.33,6.23,1.67,29.0204
1100908,41.67,44.68,10.12,3.07,0.45,17.9829
1100924,26.52,61.64,7.97,2.34,1.53,19.9497
1100940,24.03,63.6,7.34,3.48,1.55,20.9445
1101005,32.34,57.85,7.24,0.96,1.61,18.084
1101104,29.32,58.47,9.35,1.98,0.87,19.0241
1101203,35.36,56.48,6.81,0.53,0.82,16.4599
1101302,36.36,55.18,7.02,1.32,0.13,16.2534
1101401,21.51,68.86,8.07,1.02,0.54,18.6678
1101435,35.89,48.28,10.69,3.06,2.08,20.5454
1101450,25.15,56.81,14.42,3.63,0,21.2393
1101468,41.71,46.55,8.8,1.66,1.29,17.4665
1101476,44.2,32.45,17.85,5.51,0,21.0425
1101484,35.08,51.86,8.86,3.21,0.99,19.1528
1101492,25.03,65.01,7.23,1.71,1.01,18.9578
1101500,36.17,54.28,7.26,2.08,0.21,16.9699
1101559,39.23,53.25,4.02,1.84,1.66,17.0035
1101609,34.21,48.72,13.38,3.38,0.3,19.9031
1101708,30.32,56.77,10.49,2.02,0.4,18.7531
1101757,32.57,60.15,5.88,1.03,0.36,16.4605
1101807,41.39,39.57,12.73,3.44,2.87,21.4606
1200013,18.21,68.69,9.88,2.22,1,20.9187
1200054,40,49.2,7.5,2.19,1.12,17.546
1200104,26.48,59.95,9.24,1.5,2.82,21.007
1200138,15.11,59.38,19.17,5.34,1.01,26.0884
1200179,36.52,52.73,7.64,1.87,1.25,17.9384
1200203,20.23,66.56,10.39,1.55,1.26,20.5748
1200252,20.88,66.77,10,1.21,1.15,20.0316
1200302,30.49,58.06,5.74,4.31,1.39,20.1053
1200328,26.96,58.53,10.77,2.34,1.4,20.5159
1200336,21.39,65.18,9.82,2.52,1.09,20.7969
1200344,27.54,61.88,6.5,2.25,1.83,19.6614
1200351,26.4,55.84,12.92,3.1,1.74,22.0632
1200385,24.08,63.03,8.25,3.36,1.29,20.8339
1200393,30.82,54.29,10.19,3.07,1.63,20.6177
1200401,9.37,65.08,20.75,4.15,0.64,26.0234
1200427,19.8,61.66,13.85,1.92,2.78,23.3853
1200435,34.47,54.68,8.89,1.85,0.11,17.3634
1200450,21.64,55.89,18.53,2.75,1.19,23.3837
1200500,29.34,57.95,8.09,3.64,0.97,19.9785
1200609,31.29,57.87,7.94,1.41,1.49,18.6111
1200708,32.31,55.5,8.09,2.38,1.73,19.464
1200807,15.09,62.29,15.91,5.51,1.2,25.5252
1300029,16.79,40.66,30.36,8.66,3.52,33.8383
1300060,17.52,34.83,21.43,22.39,3.84,41.5479
1300086,23.49,56.93,12.67,5.67,1.24,23.7144
1300102,30.13,47.81,15.06,4.82,2.18,23.8433
1300144,28.06,59.42,5.77,3.42,3.33,21.7691
1300201,15.07,62.53,20.47,1.38,0.55,23.1224
1300300,31.43,49.3,14.62,3.76,0.89,21.4765
1300409,24.1,56.65,6.92,3.8,8.53,28.172
1300508,22.14,53.35,16.54,5.45,2.51,26.07
1300607,22.63,44.72,19.8,9.84,3.01,30.5591
1300631,27.09,42.62,15.72,11.76,2.82,30.0681
1300680,24.9,46.89,17.76,7.05,3.41,28.1142
1300706,32,54.9,9.04,2.02,2.04,19.816
1300805,30.93,48.16,13.07,5.7,2.14,23.7948
1300839,21.82,45.71,20.08,9.48,2.91,30.3788
1300904,30.78,46.47,15.8,4.22,2.73,24.0876
1301001,19.11,49.78,13.45,9.22,8.44,34.3944
1301100,25.69,54.14,15.61,2.6,1.97,22.7582
1301159,28.12,41.71,16.45,7.21,6.51,30.6173
1301209,26.5,58.62,9.49,3.78,1.61,21.4811
1301308,40.34,39.36,11.52,4.63,4.15,23.4328
1301407,25.45,59.25,8.39,3.52,3.38,22.937
1301506,27.73,56.77,7.89,5.19,2.41,22.7186
1301605,18.45,50.17,18.1,10.58,2.7,30.8601
1301654,27.32,64.64,5.87,1.43,0.74,17.8177
1301704,28.39,63,6.12,1.04,1.45,18.1895
1301803,21.33,49.87,19.06,6.15,3.59,28.4631
1301852,21.62,57.13,12.96,5.3,2.99,25.5544
1301902,26.37,57.8,11.15,3.07,1.62,21.447
1301951,38.5,44.52,12.59,2.76,1.63,20.0441
1302009,30.4,54.38,10.67,1.4,3.16,21.1619
1302108,25.57,58.07,14.67,1.18,0.51,20.0066
1302207,16.87,57.47,18.02,4.7,2.94,27.0551
1302306,18.13,57.55,14.08,7.4,2.84,27.6695
1302405,22.7,55.2,13.57,4.44,4.09,26.0815
1302504,21.8,59.44,13.74,3.29,1.73,23.0092
1302553,17.97,52.67,21.45,5.64,2.28,27.8436
1302603,6.74,36.88,39.03,15.15,2.2,40.8139
1302702,22.71,60.62,10.7,3.61,2.36,22.9431
1302801,20.34,49.1,16.91,8.04,5.62,31.4445
1302900,20.09,63.08,11.85,2.8,2.18,22.8274
1303007,25.11,40.6,24.05,8.38,1.86,29.16
1303106,42.61,45.16,8.17,3.06,1,17.8898
1303205,35.5,49.85,11.57,1.46,1.63,19.2245
1303304,31.35,53.89,8.43,2.88,3.46,21.8052
1303403,24.51,61.49,8.75,3.8,1.46,21.4032
1303502,36.34,48.09,11.09,2.18,2.3,20.1857
1303536,19.67,55.97,16.23,5.59,2.54,26.4406
1303569,28.26,54.72,12.58,3.63,0.81,21.1626
1303601,11.29,56.73,22.87,6.78,2.34,29.9774
1303700,22.3,47.22,16.62,8.87,4.98,31.0526
1303809,22.63,57.92,12.45,3.7,3.3,24.4496
1303908,10.88,57.31,21.68,7.82,2.31,30.4258
1303957,29.28,46.94,11.56,6.45,5.77,27.8442
1304005,33.99,41.18,11.89,9.32,3.62,27.1944
1304062,20.12,52.13,18.24,8.98,0.52,27.3034
1304104,20.69,51.95,13.21,8.11,6.04,30.877
1304203,24.57,56.83,11.93,4.83,1.84,23.3814
1304237,18.65,42.3,25.86,9.67,3.52,33.1105
1304260,17.58,45.8,22.77,10.06,3.79,32.9715
1304302,23.71,46.23,17.86,8.46,3.74,29.6459
1304401,26.25,43.17,19.5,7.72,3.35,28.8261
1400027,39.63,42.79,13.24,2.81,1.52,19.9947
1400050,34.41,53.26,7.96,2.61,1.77,19.3623
1400100,13.12,69.88,14.09,2.15,0.76,22.4219
1400159,29.69,44.84,12.58,7.77,5.12,28.3537
1400175,27.6,52.93,13.05,5.67,0.75,22.7829
1400209,26.07,61.93,7.45,1.89,2.66,20.6964
1400233,31.94,47.34,12.2,4.65,3.87,24.4372
1400282,37.29,39.87,16.08,4.98,1.78,22.8951
1400308,41.48,45.22,9.17,3.3,0.82,18.2941
1400407,49.3,39.16,5.03,3.72,2.78,18.4613
1400456,31.47,59.1,6.8,2.07,0.55,17.7945
1400472,31.55,56.66,8.65,1.15,1.99,19.0918
1400506,32.35,60.53,5.64,1.34,0.15,16.4369
1400605,33.02,57.1,7.71,0.7,1.47,17.7925
1400704,19.26,56.12,16.39,7,1.23,26.2161
1500107,20.6,59.35,14.33,4.15,1.58,23.7925
1500131,26.55,60.61,9.54,2.05,1.25,19.8753
1500206,24.18,51.34,19.38,3.95,1.15,24.1062
1500305,23.96,48.02,14.05,8.19,5.78,30.4711
1500347,38.34,46.41,11.86,2.17,1.22,19.0248
1500404,25.68,58.92,10.25,2.61,2.53,21.8871
1500503,23.45,54.33,15.07,5.1,2.05,24.7834
1500602,18.81,69.97,8.22,1.82,1.18,20.2881
1500701,25.72,47.33,17.87,4.84,4.25,27.3029
1500800,6.94,36.99,34.74,19.97,1.36,42.2432
1500859,31.25,54.02,9.33,3.64,1.75,20.8606
1500909,22.4,57.74,13.93,2.67,3.26,24.0967
1500958,24.13,64.33,9.58,1.24,0.72,19.0769
1501006,19.51,38.95,15.36,11.94,14.23,42.7205
1501105,15.97,59.16,17.21,5.82,1.83,26.6258
1501204,15.51,54,18.31,5.33,6.85,31.752
1501253,28.54,54.31,13.2,3.42,0.53,20.8568
1501303,16.46,59.95,18.15,4.25,1.19,25.0345
1501402,8.84,50.09,30.45,9.58,1.04,33.0307
1501451,24.03,55.63,14.87,3.84,1.62,23.3064
1501501,12.97,46.34,18.11,19.64,2.94,38.3432
1501576,29.65,54.21,10.23,4.28,1.64,21.6638
1501600,20.25,56.18,19.92,2.78,0.87,23.6349
1501709,17.06,66.93,10.8,3.57,1.65,22.9534
1501725,28.12,58.64,9.56,3.08,0.6,19.7552
1501758,30.82,44.65,17.95,4.53,2.05,24.1925
1501782,18.82,66.57,11.16,2.66,0.79,21.2876
1501808,22.06,60.94,10.71,4.15,2.15,23.2067
1501907,17.63,63.5,15.02,2.76,1.09,22.8625
1501956,13.66,47.03,28.11,7.89,3.31,32.8709
1502004,28.08,50.92,13.38,5.39,2.23,24.1176
1502103,20.79,62.33,11.21,4.34,1.33,22.8054
1502152,20.49,55.67,17.42,6.26,0.15,24.6981
1502202,18.65,69.3,8.39,2.87,0.79,20.713
1502301,13.76,68.21,12.22,4.52,1.29,24.0808
1502400,15.04,70.52,11,2.6,0.83,21.7316
1502509,22.65,33.57,21.17,9.93,12.68,40.8546
1502608,22.85,59.29,10.68,4.11,3.08,24.0157
1502707,25.27,62.37,6.67,2.81,2.89,21.4886
1502756,21.03,51.46,19.51,7.16,0.84,26.5458
1502764,46.58,39.09,9.96,2.72,1.65,18.2752
1502772,22.68,58.21,11.05,5.72,2.34,24.5403
1502806,16.23,58.2,14.84,7.24,3.49,28.6695
1502855,19.41,52.85,14.12,7.87,5.75,30.8205
1502905,23.47,50.71,14.47,8.1,3.25,28.0028
1502939,22.53,63.53,10.3,2.44,1.21,20.8449
1502954,20.78,63.5,11.54,3.43,0.75,21.649
1503002,30.21,43.79,14.13,6.35,5.52,28.0902
1503044,25.94,47.49,15.88,7.89,2.8,27.4522
1503077,21.4,53.28,14.62,8.69,2.02,27.4844
1503093,20.2,66.25,11.48,1.41,0.66,20.162
1503101,23.71,61.72,8.47,3.54,2.56,22.3646
1503200,20.91,57.42,13.78,6.34,1.55,25.1481
1503309,24.58,54.18,14.01,4.46,2.77,24.6239
1503408,21.93,52.09,18.93,5.96,1.09,25.6632
1503457,12.57,65.09,18.71,2.58,1.06,24.3582
1503507,19.22,59.71,16.04,4.28,0.75,23.6788
1503606,23.95,59.54,12.59,2.26,1.65,21.5942
1503705,26.97,50.93,14.05,6.2,1.85,24.6384
1503754,54.71,36.51,2.74,2.67,3.37,16.9873
1503804,26.5,60.56,8.09,2.89,1.96,20.8193
1503903,26.75,47.57,15.91,8.73,1.04,26.1646
1504000,16.92,51.51,20.19,9.61,1.78,29.9883
1504059,32.98,54.58,9.85,1.44,1.14,18.5699
1504109,38.51,47.72,8.37,2.93,2.47,19.8826
1504208,14.17,59.32,21.36,3.8,1.35,26.0381
1504307,24.91,46.52,18.05,6.87,3.65,28.3046
1504406,22.04,55.36,16.02,4.04,2.54,24.9598
1504422,7.83,40.98,30.47,19.89,0.83,40.3764
1504455,24.29,62.29,10.91,2.07,0.43,19.7152
1504505,18.34,50.88,24.27,4.39,2.11,27.4799
1504604,26.75,53.7,14.19,4.17,1.19,22.57
1504703,17.96,56.36,18.12,6.19,1.36,26.3998
1504802,19.44,64.71,12.45,2.46,0.94,21.5643
1504901,20.92,58.83,13.27,4.75,2.24,24.5699
1504950,25.46,49.63,14.36,7.71,2.84,27.0154
1504976,21.45,62.28,12.08,2.17,2.01,22.0839
1505007,24.29,59.07,13.08,2.74,0.81,21.1711
1505031,22.36,63.09,8.7,3.21,2.63,22.4342
1505064,19.82,66.16,11.62,1.72,0.68,20.4928
1505106,23.19,55.35,13.98,4.41,3.07,25.0665
1505205,17.34,58.84,11.94,6.87,5.01,29.0262
1505304,22.43,59.74,13.5,2.77,1.55,22.3027
1505403,25.39,58.03,11.49,3.4,1.69,21.9734
1505437,13.16,66.35,17.89,1.86,0.74,23.2135
1505486,25.58,59.82,9.23,2.73,2.64,21.8251
1505494,33.63,51.45,7.09,6.08,1.76,21.717
1505502,18.21,61.26,11.24,6.99,2.3,26.0463
1505536,9.41,46.05,25.24,14.99,4.32,38.7925
1505551,39.38,48.56,6.55,3.85,1.66,19.1143
1505601,24.85,55.35,13.43,5.06,1.32,23.387
1505635,32.5,48.66,12.54,2.54,3.76,22.8248
1505650,22.43,55.67,13.95,3.73,4.22,25.8406
1505700,34.22,51.48,8.37,2.13,3.8,21.2209
1505809,29.49,58.27,9.04,1.92,1.28,19.2951
1505908,15.38,59.91,16.6,4.5,3.61,27.4048
1506005,26.64,40.85,13.12,11.45,7.94,34.422
1506104,21.3,51.56,17.49,8.39,1.26,27.2793
1506112,20.63,43.71,19.92,8.81,6.94,34.1203
1506138,20.62,69.62,6.79,1.74,1.24,19.6721
1506161,31.34,52.11,8.9,5.87,1.78,22.3708
1506187,23.79,62.19,10.36,2.83,0.83,20.5887
1506195,25.84,65.4,6.59,1.6,0.57,18.1535
1506203,18.1,68.16,10.62,2.33,0.79,20.9978
1506302,26.52,61.66,7.42,2.58,1.82,20.2698
1506351,20.21,49.3,13.72,13.81,2.96,32.0395
1506401,13.75,55.44,17.96,10.23,2.61,31.0877
1506500,15.71,63.55,13.5,6.12,1.11,25.1395
1506559,20.32,59.36,13.84,4.41,2.07,24.3818
1506583,29.18,50.96,14.19,4.03,1.64,22.6123
1506609,22.24,62,10.93,3.48,1.36,21.9545
1506708,20.88,62.83,12.83,2.9,0.57,21.4209
1506807,16.09,63,16.4,3.12,1.39,24.0005
1506906,21.71,58.37,14.53,4.86,0.53,23.1406
1507003,28.13,49.51,13.38,7.61,1.37,24.8323
1507102,22.07,57.78,13.97,3.77,2.41,24.0754
1507151,31.73,52.41,12.26,3.38,0.22,19.8433
1507201,21.08,52.36,18.07,6.97,1.52,26.7073
1507300,15.52,68.27,12.23,2.69,1.29,22.5371
1507409,17.87,69.33,11.04,1.44,0.31,20.0089
1507458,33.71,55.65,7.34,2.01,1.29,18.3625
1507466,23.84,56.59,14.91,3.53,1.12,22.6087
1507474,24.93,57.19,9.88,6.3,1.71,23.7087
1507508,18.01,52.37,21.25,4.55,3.82,28.5686
1507607,23.37,66.09,8.08,1.52,0.94,19.1967
1507706,21.21,57.21,15.88,3.39,2.31,24.3273
1507755,42.4,49.58,5.15,2.26,0.6,16.1159
1507805,24.62,49.37,15.83,7.68,2.51,27.1651
1507904,26.83,60.26,8.52,2.67,1.72,20.4893
1507953,16.64,67.61,11.54,3.05,1.15,22.3198
1507961,24.51,48.69,18.81,4.09,3.91,26.8272
1507979,29.37,54.24,7.72,6.91,1.77,23.0487
1508001,32.75,55.74,8.39,2.53,0.58,18.4192
1508035,19.79,58.58,16.07,4.22,1.33,24.1594
1508050,19.62,48.23,19.89,8.89,3.36,30.6459
1508084,18.12,63.96,13.56,2.77,1.6,22.9338
1508100,15.55,68.62,12.76,2.06,1.01,21.9371
1508126,13.97,69.38,14.23,1.83,0.59,21.9454
1508159,26.29,60.39,9.27,2.89,1.16,20.3492
1508209,22.51,65.38,8.17,2.52,1.42,20.5424
1508308,23.09,43.27,19.98,10.3,3.37,31.2481
1508357,26.1,45.42,17.2,5.03,6.25,29.2476
1508407,24.17,64.7,8.66,1.49,0.98,19.2685
1600055,21.72,49.72,15.46,11.85,1.25,29.1576
1600105,28.32,58.82,7.04,2.78,3.04,21.3216
1600154,21.7,61.46,11.8,4.44,0.6,22.1738
1600204,30.53,54.23,9.08,2.84,3.32,21.9139
1600212,28.2,48.12,17.57,5.54,0.57,23.6481
1600238,29.23,55.21,9.27,4.03,2.27,21.9218
1600253,21.42,50.48,20.54,7.55,0,26.1954
1600279,17.21,49.33,18.86,10.65,3.95,32.5519
1600303,13.7,64.83,17.07,3.44,0.97,24.2959
1600402,32.3,49.31,12.36,4.21,1.82,22.0258
1600501,27.56,45.9,13.65,7.9,4.99,28.8805
1600535,26.28,54.54,10.62,6.63,1.94,24.2052
1600550,30.33,30.18,13.74,15.1,10.64,39.4899
1600600,17.09,56.73,19.8,4.94,1.43,26.1379
1600709,28.69,51.18,11.36,5.6,3.18,24.6149
1600808,16.96,66.77,13.16,2.28,0.83,21.8366
1700251,50.63,37.56,8.79,1.54,1.48,16.4098
1700301,26.46,63.42,8.3,1.62,0.2,18.1716
1700350,27.67,57.04,12.85,1.86,0.58,19.8032
1700400,35.05,49.27,11.88,2.31,1.49,19.8341
1700707,29.74,58.3,8.24,3.71,0,19.028
1701002,38.43,47.36,9.45,3.88,0.89,19.2588
1701051,35.41,54.86,5.71,3.59,0.44,17.9738
1701101,28.92,43.5,23.96,2.87,0.74,23.529
1701309,20.37,60.49,13.27,2.57,3.31,24.1632
1701903,37.79,52.28,6.62,2.45,0.85,17.5039
1702000,26.85,63.6,7.29,2.08,0.18,18.159
1702109,13.94,73.63,9.91,2.02,0.51,20.8399
1702158,25.77,60.13,9.47,1.96,2.67,21.3414
1702208,25.37,59.47,11.79,2.97,0.4,20.4316
1702307,41.58,49.62,5.59,2.86,0.35,16.5201
1702406,32.24,57.17,6.67,1.66,2.26,19.1101
1702554,24.91,59.92,12.23,1.33,1.61,20.6636
1702703,32.34,47.09,15.27,4.22,1.08,22.0587
1702901,27.27,53.67,16.66,1.93,0.48,20.8341
1703008,11.53,64.7,19.99,2.83,0.94,24.893
1703057,36.11,41.94,16.35,4.37,1.23,22.1212
1703073,25.96,54.41,10.3,5.82,3.5,25.1648
1703107,29.11,53.59,13.8,1.88,1.62,20.9477
1703206,30.94,47.12,18.32,2.67,0.95,21.8156
1703305,23.26,52.07,17.82,6.85,0,24.7196
1703602,33.78,56.21,8.58,1.42,0,16.9458
1703701,36.62,52.93,7.56,2.39,0.5,17.5114
1703800,19.99,61.66,13.1,4.27,0.97,23.0003
1703826,28.21,54.2,16.76,0.82,0,19.4465
1703842,39.2,35.73,14.93,5.93,4.21,25.4989
1703867,49.27,47.26,2.87,0.6,0,12.8018
1703883,34.52,50.53,11.65,3.05,0.25,19.1089
1703891,22.99,47.31,21.41,5.44,2.85,27.6158
1703909,24.89,67.71,4.46,0.95,1.99,18.6823
1704105,48.27,36.77,7.87,5.15,1.95,19.5486
1704600,45.32,46.67,7.18,0.84,0,14.6536
1705102,53.52,35.09,7.06,3.21,1.11,16.3902
1705508,25.64,65.16,7.38,1.31,0.51,18.1228
1705557,39.77,48.79,8.46,1.95,1.03,17.5687
1705607,40.5,45.61,7.55,4.85,1.49,19.7853
1706001,24.73,56.12,16.62,2.27,0.26,21.1721
1706100,30.11,61.48,4.79,2.72,0.9,18.2554
1706258,17.72,73.78,6.89,1.07,0.53,18.8659
1706506,22.89,49.62,21.62,5.62,0.26,25.1751
1707009,23.5,64.21,9.6,1.97,0.72,19.6898
1707108,41.53,50.79,5.98,1.25,0.46,15.5867
1707207,36.04,44.54,15.54,3.55,0.34,20.4152
1707306,30.33,54.79,9.56,4.2,1.13,20.8167
1707405,16.81,65.59,13.07,4.11,0.43,22.7432
1707553,38.65,50.81,8.51,1.51,0.52,16.8908
1707652,33.37,59.86,4.3,1.69,0.78,16.8353
1707702,24.83,55.45,15.74,3.3,0.67,22.0795
1708205,31.9,53.78,9.87,3.4,1.06,20.0489
1708254,30.76,62.48,5.34,0.27,1.16,16.8224
1708304,34.27,47.09,12.93,2.86,2.85,22.0022
1709005,39.36,42.31,11.87,4.39,2.08,21.3723
1709302,27.06,61.81,7.07,2.47,1.58,19.7793
1709500,19.97,71.54,6.32,1.58,0.59,18.8497
1709807,47.13,28.25,19.44,2.38,2.8,21.6915
1710508,34.04,54.59,5.8,4.98,0.59,19.3282
1710706,35.59,50.79,8.62,3.96,1.05,19.6247
1710904,30.07,55.91,7.35,5.75,0.93,21.1658
1711100,36.28,46.19,10.11,5.23,2.18,22.0007
1711506,40.04,48.26,5.73,3.29,2.68,19.4443
1711803,12.91,68.52,8.91,2.97,6.69,27.6896
1711902,27.57,49.73,15.92,6.49,0.3,23.6949
1711951,39.97,52.75,3.85,3.11,0.33,16.421
1712009,36.42,45.55,14.79,1.88,1.35,19.9875
1712157,50.05,40.65,7.13,2.17,0,14.981
1712405,38.95,34.29,21.39,1.17,4.21,23.8502
1712454,34.23,53.61,7.86,3.96,0.34,18.8703
1712504,41.72,42.47,11.8,2.67,1.34,19.0516
1712702,45.7,41.51,7.53,2.56,2.7,18.6893
1712801,12.97,60.86,20.83,2.46,2.88,26.6468
1713205,22.07,66.4,7.31,3.35,0.88,20.416
1713304,19.18,63.66,12.43,3.89,0.84,22.5203
1713601,31.64,53.79,9.1,1.97,3.5,21.3322
1713700,37.01,53.91,7.91,0.59,0.59,16.3528
1713809,22.44,50.53,24.17,2.62,0.24,23.7399
1713957,43.14,45.27,6.67,3.45,1.47,18.1761
1714203,34.23,52.15,9.12,2.99,1.5,19.6935
1714302,30.19,52.27,12.14,4.88,0.52,21.3971
1714880,18.27,73.01,7.24,1.08,0.38,18.7413
1715002,49.2,42.42,5.7,2.68,0,15.0726
1715101,35.73,48.49,12.21,3.11,0.46,19.3602
1715150,42.62,50.31,2.96,2.95,1.16,16.5658
1715259,36.99,53.96,7.54,1.52,0,16.3233
1715507,53.76,41.5,3.5,0,1.23,13.209
1715705,39.26,43.02,13.98,3.75,0,19.3726
1715754,38.23,52.07,5.05,2.04,2.61,18.5246
1716109,19.46,70.07,7.82,2.14,0.51,19.6426
1716208,34.26,46.19,9.46,4.09,6,25.1652
1716307,39.36,46.72,7.26,5.39,1.28,20.0316
1716505,16.47,62.78,15.11,4.88,0.76,24.2274
1716604,38.94,47.02,10.78,3.08,0.17,18.2376
1716653,30.71,59.39,4.83,3.15,1.91,19.5262
1716703,38.89,52.95,5.42,1.54,1.2,16.7405
1717008,31,59.9,7.36,1.38,0.35,17.306
1717206,45.49,39.6,12.02,2.9,0,17.4215
1717503,28.81,52.57,8.56,4.2,5.86,25.5671
1717800,37.13,34.26,20.05,8.08,0.48,24.8938
1717909,41.2,50.39,6.55,1.65,0.2,15.8027
1718006,30.2,62.41,5.56,1.83,0,16.8928
1718204,22.58,67.04,7.29,2.18,0.92,19.5427
1718303,27.94,47.23,18.87,5.15,0.81,23.9969
1718402,39.55,45.87,9.36,3.19,2.04,19.7651
1718451,38.77,55.76,4.15,1.07,0.25,15.1058
1718501,55.37,37.41,5.64,0.87,0.72,13.6873
1718550,24.9,69.16,4.85,1.09,0,16.8573
1718659,39.94,47.05,5.96,2.23,4.81,20.927
1718709,43.53,44.13,10.93,0.18,1.24,16.6884
1718758,53.85,39.56,5.2,0.39,0.99,13.6923
1718808,25.3,53.16,11.05,4.18,6.32,27.1523
1718840,65.41,24.71,7.98,1.9,0,13.0193
1718865,37.52,51.21,7.02,1.48,2.77,18.9088
1718881,57.21,31.9,8.21,2.68,0,14.709
1718899,47.98,29.38,11.82,7.6,3.22,23.7104
1718907,31.8,55.49,8.58,3.14,0.98,19.4412
1719004,24.77,61.51,10.73,2.86,0.14,19.8808
1720002,22.81,55.01,17.34,4.4,0.45,23.3453
1720101,28.15,50.58,12.88,4.33,4.06,25.0769
1720150,37.92,53.18,6.93,0,1.97,16.9509
1720200,17.69,54.38,18.05,7.73,2.15,28.3324
1720259,43.15,49.46,4.95,1.27,1.18,15.8468
1720309,21.32,53.21,16.43,7.26,1.78,26.7073
1720499,32,56.62,4.59,1.09,5.69,21.6661
1720655,45.7,43.41,6.08,4.03,0.78,17.3978
1720804,16.44,60.37,14.79,4.37,4.04,27.1251
1720853,48.64,41.37,7.6,0.84,1.56,15.9266
1720903,21.69,63,13.03,1.84,0.44,20.472
1720937,39.91,40.44,8.3,5.34,6.02,25.0397
1720978,49.65,36.96,9.43,3.97,0,16.9518
1721000,12.19,61.37,21.56,4.21,0.67,25.9511
1721109,36.44,49.25,7.24,6.41,0.66,20.506
1721208,24.88,59.36,13.08,2.2,0.48,20.3708
1721257,29.13,48.45,22.42,0,0,20.2665
1721307,47.06,36.85,10.6,0.74,4.76,20.134
1722081,23.69,56.57,14.19,4.71,0.84,22.9996
1722107,20.96,67.84,8.34,0.89,1.97,20.1772
2100055,17.88,67.17,11.16,2.32,1.46,21.8466
2100105,18.71,58.16,16.82,5.36,0.95,24.9373
2100154,23.05,42.24,26.96,6.87,0.87,28.1147
2100204,17.23,53.89,23.93,3.52,1.43,26.2142
2100303,12.63,59.38,23.91,3.64,0.44,25.8834
2100402,13.89,53.19,27.79,4.27,0.86,27.6492
2100436,15.26,63.55,15.35,5.01,0.83,24.6145
2100477,19.47,47.47,26.27,5.67,1.12,27.7866
2100501,33.81,55.17,8.87,1.57,0.58,17.7216
2100550,29.92,41.52,14.14,7.45,6.97,30.4016
2100600,23.73,46.59,18.14,9.76,1.78,28.6557
2100709,14.61,51.42,21.76,10,2.21,31.4301
2100808,22.66,57.42,13.73,4.73,1.46,23.6561
2100832,19.46,53.01,15.95,6.86,4.73,29.5423
2100873,16.06,54.3,20.64,6.74,2.27,28.655
2100907,14.29,43.71,26.73,13.71,1.56,34.8218
2100956,21.71,43.04,24.02,8.72,2.51,30.5017
2101004,21.54,57.69,14.26,4.83,1.67,24.2292
2101103,13.98,62.12,15.07,5.68,3.14,27.5421
2101202,18.03,66.22,11.35,3.11,1.29,22.2756
2101251,19.77,62.2,12.88,4.41,0.74,22.8375
2101301,16.97,38.79,25.32,15.48,3.44,37.2847
2101350,21.78,54.45,19.31,3.07,1.39,24.0105
2101400,22.97,68.51,6.1,1.33,1.09,18.7303
2101509,21.82,61,13.15,2.66,1.38,22.0385
2101608,16.79,58.76,15.43,6.38,2.63,27.2578
2101707,17.25,59.42,17.8,4.16,1.38,24.9681
2101731,14.13,55.26,21.78,6.17,2.66,29.1993
2101772,20.27,49.4,21.25,6.5,2.58,28.414
2101806,17,56.02,16.4,7.02,3.56,28.9036
2101905,16.42,59.98,18.7,3.92,0.97,24.7244
2101939,11.95,63.91,19.09,5.05,0,25.2368
2101970,27.35,58.05,9.2,3.72,1.67,21.3085
2102002,15.75,47.98,21.71,12.89,1.68,32.8104
2102036,17.15,46.14,22.39,9.51,4.8,33.5572
2102077,13.48,66.01,18.08,1.01,1.42,23.3048
2102101,22.5,61.86,11.14,3.8,0.68,21.5088
2102150,18.87,62.41,13.18,4.2,1.35,23.5083
2102200,28.12,53.92,14.06,3.12,0.78,21.1826
2102309,20.96,54.23,16.15,6.25,2.41,26.5939
2102325,18.01,53.99,18.64,6.18,3.18,28.3847
2102358,20.55,49.16,17.95,8.73,3.62,30.1548
2102374,12.94,46.4,34.18,5.63,0.84,30.455
2102408,19.86,45.79,24.22,7.26,2.88,30.1242
2102507,17.65,57.55,18.18,4.74,1.87,25.9325
2102556,13.48,48.34,30.98,6.1,1.09,30.1142
2102606,18.93,49.27,16.26,9.97,5.57,32.7891
2102705,18.36,50.26,23.69,6.74,0.95,27.8313
2102754,21.15,53.91,16.84,7.01,1.09,25.9563
2102804,23.23,62.65,11.06,2.24,0.81,20.4035
2102903,29.47,47.1,13.63,7.16,2.64,25.697
2103000,15.17,67.08,13.28,2.83,1.64,23.3239
2103109,17.13,52.02,21.16,7.6,2.08,29.0781
2103125,11.75,43.53,21.82,18.92,3.98,40.0459
2103158,20.53,50.67,20.38,6.61,1.8,27.4271
2103174,25.56,48.29,17.72,7.37,1.05,25.8372
2103208,16.28,63.96,13.36,4.45,1.95,24.6838
2103257,29.37,46.4,16.11,6.82,1.29,24.756
2103307,15.21,64.49,14.4,4.4,1.5,24.6087
2103406,16.34,59.17,14.34,8.65,1.5,27.5056
2103505,19.73,58.32,16.55,4.35,1.05,24.1066
2103554,16.05,54.97,17.13,8.7,3.14,30.0036
2103604,15.49,61.48,15.1,5.3,2.62,26.5499
2103703,18.68,44.95,16.15,12.74,7.48,36.7345
2103752,19.38,52.34,25.31,2.47,0.51,24.6147
2103802,21.47,59.12,9.93,7.58,1.91,25.2976
2103901,17.24,64.04,14.88,2.64,1.2,22.9012
2104008,16.41,62.72,15.91,3.86,1.09,24.0516
2104057,18.42,72.61,5.7,2,1.27,19.8798
2104073,29.64,48.84,15.19,4.39,1.94,23.3877
2104081,6.59,34.96,43.09,12.67,2.69,40.6438
2104099,22.22,50.55,19.57,7.13,0.54,26.0815
2104107,26.82,53.44,16.7,2.33,0.72,21.4362
2104206,21.29,47.61,20.67,8.77,1.67,28.8328
2104305,12.03,55.72,23.11,8.64,0.5,29.4066
2104404,19.52,50.25,21.8,6.6,1.83,27.967
2104503,18.16,54.64,16.94,7.41,2.85,28.4552
2104552,14.8,74.36,8.49,1.62,0.72,20.2673
2104602,15.2,40.47,31.71,10.98,1.64,34.1641
2104628,12.75,47.35,29.92,8,1.98,32.2005
2104651,28,40.45,24.13,5.78,1.62,26.6855
2104677,16.16,61.42,14.8,5.47,2.15,26.0266
2104701,26.67,52.39,16.23,3.92,0.79,22.5432
2104800,21.65,57.31,14.76,4.59,1.69,24.1993
2104909,19.91,55.18,17.6,4.66,2.65,26.2219
2105005,10.13,43.24,20.98,12.61,13.04,44.7277
2105104,18.73,43.86,20.24,13.01,4.16,34.6403
2105153,19.62,49.56,21.42,6.86,2.55,28.7748
2105203,28.15,51.05,16.73,3.59,0.48,21.932
2105302,14.56,74.6,8.66,1.49,0.69,20.222
2105351,14.11,34.41,37.13,11.27,3.08,37.4468
2105401,15.43,66.08,14.04,2.89,1.57,23.4689
2105427,26.35,55.63,10.59,4.63,2.79,23.6114
2105450,27.19,42.85,18.48,10.35,1.13,28.0595
2105476,8.61,58.19,21.94,8.53,2.73,31.7307
2105500,14.98,64.16,16.81,2.28,1.78,24.0503
2105609,15.35,43.46,30.91,7.24,3.04,32.6638
2105658,27.66,39.46,15.11,11.24,6.54,33.2493
2105708,21.18,52.92,15.64,7.86,2.4,27.5766
2105807,18.69,57.11,18.38,3.54,2.29,25.4193
2105906,15.69,54.58,23.39,5.18,1.16,27.1884
2105922,10.24,57.36,22.09,6.81,3.51,31.1183
2105948,22.82,56.79,16.15,3.86,0.38,22.5607
2105963,14.15,39.01,29.57,16.91,0.37,36.6988
2105989,26.58,54.89,11.72,5.94,0.88,22.8852
2106003,19.54,53.43,18.23,6.23,2.58,27.5009
2106102,24.05,63.74,6.82,3.52,1.87,21.1567
2106201,27.31,47.37,12.19,9.29,3.85,28.3586
2106300,17.42,54.61,22.22,4.83,0.93,26.1628
2106326,23.16,62.64,8,4.06,2.13,22.2432
2106359,10.93,54.02,28.68,3.03,3.35,29.9231
2106375,23.76,59.83,10.87,3.26,2.29,22.5309
2106409,23.01,61.32,11.24,2.03,2.4,21.9531
2106508,16.42,65.36,12.47,3.94,1.8,23.9033
2106607,17.65,52.04,22.28,7.39,0.64,27.6947
2106631,16.84,58.92,21.83,2.22,0.19,23.4971
2106672,28.13,56.15,12.38,2.12,1.22,20.4565
2106706,20.32,49.96,18.89,9.71,1.1,28.5683
2106755,14.16,59.26,20.19,4.91,1.48,26.6553
2106805,10.33,60.07,18.68,7.19,3.73,30.6821
2106904,16.59,54.19,21.14,6.38,1.7,27.8787
2107001,25.7,43.74,23.17,5.97,1.43,26.6737
2107100,13.89,58.27,20.3,6.26,1.27,27.4761
2107209,20.69,51.27,23.63,3.9,0.5,25.0066
2107258,44.24,44.8,7.26,3.3,0.4,16.993
2107308,21.44,63.47,11.34,2.13,1.62,21.4606
2107357,21.08,59.49,11.91,6.04,1.48,24.3337
2107407,19.96,51.9,20.41,5.16,2.56,27.2405
2107456,20.18,56.12,17.75,4.17,1.78,24.9871
2107506,5.76,28.75,40.47,22.55,2.47,46.9335
2107605,15.66,54.23,23.41,6.19,0.51,27.2619
2107704,18.74,60,14.58,5.45,1.23,24.679
2107803,14.26,59.06,21.78,3.77,1.12,25.8818
2107902,19.4,56.75,15.37,5.09,3.4,26.7625
2108009,20.34,57,14.98,6.65,1.02,25.227
2108058,17.44,53.34,11.9,13.08,4.24,32.6882
2108108,22.85,54.29,15.6,4.48,2.79,25.3147
2108207,18.33,64.79,11.64,4,1.25,22.9167
2108256,14.04,49.18,24.97,8.94,2.87,32.2809
2108306,13.79,52.8,20.41,8.92,4.07,32.29
2108405,13.75,59.18,24.61,2.46,0,24.6284
2108454,24.68,53.42,15.19,5.88,0.83,23.9731
2108504,20.16,52.91,20.15,5.1,1.68,26.2053
2108603,18.94,60.6,16.11,3.3,1.05,23.3345
2108702,23.09,50.78,18.55,6.91,0.67,25.6654
2108801,15.37,57.46,20.64,3.84,2.69,27.0833
2108900,24.22,49.89,18.99,5.92,0.98,25.2407
2109007,22.65,59.12,14.23,3,1,22.0776
2109056,21.26,45.82,23.26,6.08,3.57,29.5336
2109106,19.42,65.21,10.62,4.09,0.65,21.9488
2109205,15.49,55.51,19.51,7.98,1.5,28.5278
2109239,19.85,66.58,9.32,3.61,0.64,21.1879
2109270,15.03,54.07,16.3,4.87,9.73,33.8781
2109304,18.33,53.57,19.95,6.37,1.77,27.3936
2109403,21.64,50.94,19.97,4.19,3.25,26.9087
2109452,11.48,34.94,31.92,16.21,5.45,42.3562
2109502,23.72,57.49,15.34,2.48,0.97,21.8332
2109551,15.69,39.88,30.31,13.28,0.85,34.5744
2109601,14.76,65.03,13.61,5.67,0.93,24.7869
2109700,21.44,63.41,9.69,4.77,0.7,21.9793
2109759,17.4,64.86,11.45,5.25,1.04,23.6703
2109809,13.82,62.68,14.94,5.5,3.06,27.3184
2109908,18.19,68.99,9.46,1.94,1.42,21.0347
2110005,14.86,53.48,20.52,8.23,2.92,30.5144
2110039,18.91,62.16,14.11,2.94,1.89,23.3978
2110104,13.58,65.51,14.84,5.05,1.03,24.9298
2110203,19.3,65.06,12.61,2.48,0.56,21.2543
2110237,23.82,59.31,13.22,3.15,0.5,21.2508
2110278,16.05,45.02,23.52,9.66,5.75,35.0841
2110302,24.03,56.92,15.81,1.9,1.34,21.8796
2110401,17.03,55.16,20.58,5.19,2.04,27.1603
2110500,12.6,56.15,25.2,5.3,0.75,27.747
2110609,24.85,62.89,7.86,3.99,0.41,20.1827
2110658,28.22,59.27,9.87,2.26,0.39,19.0231
2110708,21.56,52.54,15.88,9.5,0.51,26.8432
2110807,16.69,48.96,28.08,5.39,0.89,28.2023
2110856,39.5,38.28,13.5,6.82,1.91,23.3704
2110906,26.69,48.13,21.47,2.9,0.82,23.2534
2111003,15.04,52.05,24.78,5.82,2.3,29.27
2111029,22.02,44.9,23.24,5.93,3.92,29.682
2111052,25.8,54.72,10.39,7.73,1.36,24.4041
2111078,19.79,51.78,20.43,5.97,2.03,27.3124
2111102,22.17,56.37,13.59,5.94,1.93,25.0326
2111201,6,36.31,37.92,17.27,2.5,42.4428
2111250,7.1,33.43,32.88,22.09,4.5,46.4494
2111300,6.59,42.92,36.3,12.46,1.73,37.6801
2111409,13.5,62.74,18.94,4.16,0.66,25.0272
2111508,20.59,54.3,17.81,6.06,1.24,25.76
2111532,30.43,44.99,16.36,6.27,1.95,24.9647
2111573,35.67,52.39,7.32,2.78,1.84,19.2177
2111607,29.89,53.74,10.15,4.82,1.4,21.7532
2111631,17.52,36.82,32.52,10.81,2.33,34.6626
2111672,13.18,56.44,22.19,6.33,1.86,28.7327
2111706,21.13,55.26,17.76,4.55,1.31,24.6623
2111722,18.36,55.05,18.41,5.24,2.95,27.3675
2111748,22.4,46.53,19.78,9.74,1.55,29.0224
2111763,27.09,48.15,19.49,4.29,0.98,23.829
2111789,14.83,46.66,27.89,9.1,1.53,31.7168
2111805,15.84,60.67,16.42,4.35,2.72,26.2806
2111904,18.09,58.13,17.68,5.65,0.45,24.9489
2111953,23.99,58.64,14.38,2.27,0.72,21.1327
2112001,38.57,50.83,7.38,2.51,0.72,17.5219
2112100,11.97,54.91,24.88,6.9,1.34,29.4963
2112209,10.93,59.89,24.07,4.16,0.95,27.0422
2112233,16.21,74.86,5.29,2.32,1.33,20.3498
2112274,24.57,46.52,19.38,7.21,2.32,27.5961
2112308,19.47,53.33,19.46,6.66,1.08,26.6199
2112407,15.71,47.33,20.89,12.53,3.54,34.2304
2112456,14.14,49.51,20.85,8.03,7.47,35.1923
2112506,24.06,57.67,12.49,4.22,1.56,22.8741
2112605,21.22,51.89,17.69,6.69,2.51,27.3947
2112704,15.14,54.11,21.26,7.61,1.88,29.1688
2112803,18.25,53.31,19.3,7.34,1.79,27.9473
2112852,21.82,46.04,22.83,7.09,2.21,28.6847
2112902,21.76,53.88,16.83,4.34,3.18,26.0819
2113009,20.61,62.58,10.79,5.26,0.76,22.7964
2114007,21.08,62.03,11.27,3.92,1.7,22.8589
2200053,14.54,75.83,8.34,1.08,0.21,19.3534
2200103,22.06,59.83,12.27,4.83,1.02,22.9649
2200202,24.95,64.12,7.55,2.65,0.73,19.4476
2200251,44.74,49.03,4.98,1,0.25,14.5034
2200277,26.26,59.52,12.65,1.26,0.3,19.2131
2200301,19.5,64.49,12.23,3.29,0.49,21.6357
2200400,14.85,59.44,18.6,5.2,1.92,26.7957
2200459,27.4,57.94,10.55,3.82,0.29,20.3327
2200509,21.18,54.04,15.72,7.46,1.59,26.4822
2200608,27.78,53.48,12.57,5.09,1.08,22.5489
2200707,22.7,66.18,9.32,1.81,0,18.8704
2200806,20.2,64.85,11.39,2.83,0.73,21.2315
2200905,29.21,46.83,15.58,7.94,0.44,24.5749
2200954,15.56,57.28,25.38,1.49,0.29,24.1984
2201002,26.96,55.07,11.21,5.17,1.58,22.8541
2201051,17.99,60.73,10.62,9,1.66,26.7019
2201101,19.07,58.34,14.47,4.91,3.21,26.2372
2201150,35.81,50.79,7.64,3.5,2.26,20.2327
2201176,27.44,47.95,17.92,5.86,0.83,24.337
2201200,19.89,56.95,17.73,4.9,0.53,24.27
2201309,20.41,66.08,8.64,1.39,3.48,22.2299
2201408,11.7,60.15,21.17,6.21,0.77,27.4515
2201507,16.63,59.77,15.84,5.59,2.16,26.3411
2201556,34.29,53.67,9.41,2.63,0,17.9766
2201572,28.45,54.71,14.84,1.23,0.76,19.9673
2201606,22.63,56.2,18.01,2.97,0.18,22.241
2201705,19.55,56.63,14.62,5.59,3.61,27.1129
2201739,26.19,54.26,11.5,6.91,1.14,23.8383
2201770,19.31,68.08,8.31,3.98,0.32,20.9254
2201804,23.83,61.62,13.19,1.12,0.23,19.5026
2201903,24.63,62.8,9.02,1.96,1.59,20.2665
2201919,16.75,62.35,18.13,2.76,0,22.703
2201929,32.17,50.94,15.22,1.02,0.64,19.3127
2201945,29.53,57.59,12.2,0.69,0,17.9537
2201960,31.95,49.41,14.07,4.43,0.15,20.9898
2201988,41.02,50.51,6.97,1.5,0,15.6293
2202000,18.28,59.48,17.07,3.7,1.47,24.3959
2202026,20.57,51,17.32,6.93,4.17,29.2435
2202059,26.01,55.42,12.78,5.26,0.54,22.4091
2202075,17.51,53.93,22.04,5.6,0.92,26.6449
2202083,21.44,63.17,11.8,2.74,0.84,21.2266
2202091,21.51,63.7,9.85,4.75,0.2,21.489
2202109,16.8,73.34,7.15,2.43,0.28,19.7817
2202117,51.29,43.48,3.68,1.25,0.3,13.5319
2202133,17.48,65.24,14.06,2.42,0.79,22.0702
2202174,18.18,47.65,26.96,5.07,2.14,28.749
2202208,19.83,66.15,9.54,2.93,1.54,21.6765
2202251,24.23,59.61,10.7,2.67,2.78,22.4953
2202307,23.97,65.09,9.03,1.61,0.31,18.7992
2202406,25.17,54.82,15.41,3.66,0.94,22.4826
2202455,34.82,51.42,8.54,3.3,1.93,20.1256
2202505,23.33,53.9,17.32,4.84,0.61,23.7505
2202539,22.88,48.34,21.51,4.36,2.92,26.9527
2202554,29.37,56.73,9.29,3.28,1.34,20.4204
2202604,27.29,56.57,10.98,3.02,2.15,21.7861
2202653,12.11,72.18,11.79,3.43,0.5,22.5904
2202703,22.04,60.11,14.15,3,0.7,21.8293
2202711,21.5,58.18,14.86,4.02,1.44,23.5804
2202729,21.21,58.66,16.02,4.12,0,22.5363
2202737,26.88,44.34,21.67,6.43,0.68,25.6797
2202752,27.14,61.52,5.88,3.47,1.99,20.5876
2202778,27.03,63.36,7.12,2.2,0.29,18.2883
2202802,29.36,45.38,20.52,3.97,0.77,23.3674
2202851,32.05,52.19,11.75,3.61,0.39,20.0012
2202901,24.53,59.13,11.95,2.51,1.89,21.7744
2203008,28.96,56.28,10.63,1.97,2.16,20.7269
2203107,36.76,48.12,9.12,4.22,1.78,20.5376
2203206,24.36,53.24,16.59,3.86,1.95,24.0807
2203230,23.43,55.16,11.51,6.85,3.05,26.1048
2203255,12.23,55.64,18.8,11.81,1.52,31.5397
2203271,18.72,64,13.27,3.12,0.9,22.3155
2203305,16.48,51.39,24.07,6.35,1.71,28.6727
2203354,42.6,51.7,4.92,0.79,0,14.361
2203404,22.18,60.17,13.38,2.89,1.38,22.2176
2203420,39.22,48.69,9.15,2.41,0.53,17.6477
2203453,60.06,33.48,4.37,1.4,0.69,13.0839
2203503,15.97,58.9,18.62,5.43,1.08,25.9625
2203602,30.49,55.54,11.12,1.65,1.2,19.4507
2203701,20.3,63.52,11.59,3.35,1.24,22.1671
2203750,45.24,44.43,8.37,1.96,0,15.7899
2203800,29.21,55.68,13.25,1.02,0.85,19.3834
2203859,39.64,50.51,5.16,4.09,0.6,17.7968
2203909,19.17,69.97,7.9,2.36,0.6,19.9521
2204006,18,52.95,18.88,8.96,1.21,28.443
2204105,31.37,45.72,19.25,2.81,0.85,22.0096
2204154,38.16,44.77,13.85,2.32,0.89,19.3551
2204204,21.96,65.54,11.93,0.35,0.22,18.8427
2204303,17.11,68.46,10.74,3.36,0.32,21.4193
2204352,16.88,62.58,17.89,2.47,0.17,22.5859
2204402,26.63,63.2,6.58,1.92,1.68,19.4125
2204501,14.92,72.17,10.63,2.12,0.16,20.6201
2204550,37.83,39.58,19.58,1.69,1.32,20.9319
2204600,12.27,70.21,13.2,3.62,0.7,23.2893
2204659,17.1,47.63,22.52,10.21,2.54,31.7994
2204709,18.94,57.86,18.63,4.17,0.4,23.9783
2204808,27.7,54.22,14.49,2.8,0.78,21.1211
2204907,18.72,62.44,13.12,3.96,1.77,23.7672
2205003,26.75,57.11,11.17,3.62,1.35,21.5218
2205102,33.14,55.82,8.76,1.38,0.9,17.9686
2205151,26.09,54.75,13.9,4.7,0.56,22.3165
2205201,24.06,51.93,12.63,9.42,1.96,27.0639
2205250,27.24,55.98,16.1,0.68,0,19.2954
2205276,17.41,71.2,7.87,3.51,0,20.387
2205300,43.46,46.82,4.45,2.25,3.03,18.2641
2205359,27.67,51.69,13.24,5.35,2.06,23.9327
2205409,21.3,58.85,14.14,2.35,3.36,24.168
2205458,21.96,49.09,23.32,4.83,0.8,25.7352
2205508,18.32,55.35,14.7,10.07,1.57,28.441
2205516,26.35,52.44,15.45,4.12,1.64,23.3852
2205524,30.77,48.73,15.07,4.44,0.99,22.2754
2205532,39.82,49.03,8.14,1.62,1.38,17.5934
2205540,24.93,64.46,8.9,1.39,0.33,18.5013
2205557,25.56,61.76,10.56,1.94,0.19,19.1208
2205565,33.28,50.95,10.63,1.76,3.39,21.2705
2205573,31.6,50.47,13.49,3.48,0.96,21.0191
2205581,25.42,58.38,10.58,5.04,0.58,21.7724
2205599,22.55,55.24,18.31,3.67,0.22,22.8772
2205607,22.58,42.98,19.13,11.25,4.05,32.4589
2205706,18.38,63.75,13.51,3.77,0.59,22.5745
2205805,23.2,62.08,11.71,2.86,0.15,20.3579
2205854,16.29,64.05,14.36,5,0.3,23.6655
2205904,27.53,56.74,10.22,4.02,1.49,21.5947
2205953,35.52,51.25,10.37,2.45,0.41,18.3645
2206001,25.61,60.36,8.96,2.61,2.45,21.4663
2206050,20.83,55.68,17.9,5.02,0.57,24.3209
2206100,20.21,52.46,22.62,4.39,0.32,24.9673
2206209,18.98,57.08,15.4,7.83,0.71,26.0524
2206308,19.15,55.14,21.04,3.64,1.03,24.8627
2206357,29.59,56.97,10.4,2.72,0.32,19.2461
2206407,17.06,62.74,15.48,4.07,0.66,23.5672
2206506,26.59,57.92,11.32,2.88,1.29,20.9891
2206605,29.24,61.08,6.01,3.27,0.4,18.5839
2206654,35.43,55.75,8.28,0.54,0,16.0185
2206670,23.97,60.16,12.64,2.77,0.47,20.7723
2206696,22.53,58.99,12.93,3.87,1.69,23.0742
2206704,20.05,62.45,11.98,4.93,0.58,22.7675
2206720,8.02,50.84,34.07,6.86,0.21,31.3097
2206753,33.91,41.92,19.66,4.51,0,22.1471
2206803,12.96,56.93,23.67,5.2,1.23,27.7029
2206902,25.47,58.45,13.16,2.59,0.33,20.4435
2206951,30.09,54.92,11.78,1.46,1.75,20.1051
2207009,27.87,59.56,9.31,2.74,0.52,19.3938
2207108,28.64,57.97,7.52,5.21,0.66,20.7316
2207207,23.07,57.87,14.83,2.85,1.38,22.4646
2207306,32.99,58.84,7.29,0.5,0.38,16.4272
2207355,32.51,56.69,7.52,2.93,0.34,18.2587
2207405,31.14,56.8,8.52,3.33,0.21,18.864
2207504,18.79,61.06,14.18,4.38,1.59,24.1613
2207553,25.83,58.46,13.56,2.15,0,19.8513
2207603,30.62,48.23,13.3,6.56,1.3,23.6614
2207702,15.51,71.21,10.08,2.38,0.83,21.2673
2207751,23.53,49.3,20.14,5.67,1.37,25.8605
2207777,24.42,59.03,13.39,2.9,0.25,20.7819
2207793,14.97,57.97,17.15,8.66,1.25,28.1946
2207801,22.48,55.58,16.31,4.97,0.65,23.7209
2207850,24.47,59.23,12.66,3.23,0.4,20.9689
2207900,22.73,61.03,9.51,5.48,1.24,22.8214
2207934,32.36,56,9.18,0.73,1.73,18.562
2207959,30.73,51.43,15.22,1.8,0.82,20.2469
2208007,18.24,70.22,8.96,2.24,0.35,20.0196
2208106,22.11,54.63,14.12,7.21,1.94,26.1099
2208205,35.97,52.09,9.08,1.49,1.38,18.2577
2208304,33.56,52.8,8.02,4.39,1.23,20.218
2208403,20.26,64.89,10.64,3.55,0.66,21.4682
2208502,17.77,60.14,16.8,3.11,2.17,24.6767
2208551,40.57,45.53,10.23,2.11,1.56,18.5984
2208601,31.58,50.84,10.32,5.57,1.68,22.4032
2208650,28.64,51.07,13.93,5.14,1.22,22.9831
2208700,27.15,48.49,13.83,5.7,4.84,27.2472
2208809,17.39,53.68,21.64,5.16,2.12,27.4579
2208858,25.85,49.89,17.55,4.14,2.57,24.9802
2208874,31.65,51.57,10.77,4.76,1.24,21.4836
2208908,25.91,61.23,9.14,3.14,0.57,19.9399
2209005,28.34,58.11,8.11,4.52,0.92,20.6983
2209104,24.33,58.33,13.01,2.96,1.37,21.8784
2209153,29.2,55.28,9.16,4.35,2.01,21.8594
2209203,30.72,54.63,11.36,2.92,0.37,19.5534
2209302,26.33,55.48,15.23,2.32,0.63,21.0004
2209351,26.52,63.14,8.14,1.9,0.3,18.4242
2209377,23.41,57.37,13.56,5.26,0.41,22.8251
2209401,23.28,61.75,12.54,2.32,0.11,20.142
2209450,25.98,52.03,9.85,9.98,2.16,26.6709
2209500,32.95,55.04,5.5,3.43,3.08,20.8127
2209559,37.61,48.12,11.02,2.28,0.97,18.7171
2209609,23.12,55.62,14.99,4.59,1.69,24.0721
2209658,42.24,53.05,2.7,2,0,14.676
2209708,26.56,51.8,17.53,4.11,0,22.2395
2209757,39.4,44.69,10.84,2.67,2.4,20.1752
2209807,31.82,52.89,11.02,4.27,0,19.9132
2209856,17.86,67.22,11.63,2.41,0.87,21.4391
2209872,50.74,39.76,7.51,1.49,0.51,15.0263
2209906,30.62,50.98,12.39,5.6,0.41,21.8149
2209955,20.17,56.15,18.03,3.57,2.08,24.938
2209971,16.19,58.88,21.05,3.05,0.83,24.6214
2210003,25.87,64.21,8.15,1.07,0.7,18.3218
2210052,26.79,47.54,14.79,8.69,2.18,26.9892
2210102,30.89,49.55,14.37,3.57,1.63,22.099
2210201,38.46,48.09,11.83,1.26,0.35,17.4567
2210300,30.42,62.87,5.8,0.9,0,16.2576
2210359,61.88,32.5,4.53,0.85,0.24,12.0355
2210375,17.76,63.18,14.07,4.29,0.7,23.2929
2210383,37.67,42.97,8.58,6.89,3.9,24.3601
2210391,29.63,54.89,10,4.45,1.04,21.1147
2210409,26.01,54.19,12.22,5.34,2.24,24.0477
2210508,15.47,62.99,14.61,5.07,1.86,25.4812
2210607,21.56,62.91,10.56,3.14,1.84,22.1878
2210623,29.91,54.75,10.71,4.23,0.39,20.445
2210631,27.81,59.81,8.54,1.85,1.99,20.0523
2210656,29.64,51.66,14.79,2.08,1.82,21.4923
2210706,22.5,65.8,8.64,2.75,0.3,19.692
2210805,28.43,58.56,10.87,1.26,0.88,19.0438
2210904,29.72,60.56,6.94,1.82,0.96,18.2998
2210938,25.12,64.5,9.08,1.29,0,18.113
2210953,21.51,58.98,15.01,4.5,0,22.4964
2210979,28,40.36,21.29,7.03,3.32,28.5563
2211001,8.65,60.89,24.91,4.88,0.67,27.7982
2211100,17.18,59.46,15.92,5.98,1.45,25.8478
2211209,22.33,64.22,10.68,1.7,1.07,20.2961
2211308,23.96,64.12,8.88,1.96,1.08,19.7956
2211357,33.03,49.06,12.85,3.84,1.21,21.1728
2211407,17.09,63.55,15.2,3.86,0.29,22.9555
2211506,14.41,72.64,10.82,1.78,0.36,20.6987
2211605,17.26,68.23,11.79,1.9,0.82,21.1439
2211704,36.14,52.22,11.4,0.24,0,16.5526
2300101,23.7,63.93,9.56,2.81,0,19.5234
2300150,23.34,66.89,6.04,2.84,0.88,19.5372
2300200,22.64,64.89,9.93,1.98,0.55,19.7227
2300309,21.59,65.18,11.06,1.71,0.46,19.8799
2300408,23.45,59.77,12.51,3.62,0.65,21.5986
2300507,26.37,52.75,16.3,4.21,0.37,22.3815
2300606,20.42,62.14,15.13,1.91,0.4,21.2137
2300705,39.54,46.42,10.67,2.84,0.54,18.3381
2300754,21.23,58.75,13.43,5.24,1.35,24.016
2300804,31.39,55.66,9.52,3.07,0.36,19.0673
2300903,29.35,56.93,9.71,2.92,1.09,20.0204
2301000,18.23,59.29,18.41,3.71,0.36,23.6392
2301109,20.19,67.15,9.39,2.04,1.23,20.634
2301208,16.73,63.06,15.65,3.1,1.45,23.7598
2301257,22.77,62.73,11.17,1.64,1.69,20.9604
2301307,21.45,64.86,10.2,2.71,0.78,20.7123
2301406,23.55,56.78,15.09,4.25,0.32,22.3974
2301505,31.11,59.68,7.13,1.58,0.51,17.5404
