"city_code","pop.water.access","pop.water.accessInHouse","pop.water.accessInProperty","pop.water.noaccess"
1100015,89.93,88.2,1.73,10.07
1100023,91.75,87.09,4.66,8.25
1100031,96.21,95.19,1.02,3.79
1100049,98.32,97.54,0.78,1.68
1100056,94.54,89.85,4.69,5.46
1100064,97.46,96.12,1.34,2.54
1100072,94.57,91.59,2.98,5.43
1100080,66.44,62.3,4.13,33.56
1100098,93.34,91.09,2.25,6.66
1100106,64.58,57.76,6.82,35.42
1100114,85.51,84.78,0.73,14.49
1100122,95.56,91.47,4.08,4.44
1100130,81.7,79.82,1.88,18.3
1100148,89.79,87.44,2.36,10.21
1100155,96.99,94.21,2.78,3.01
1100189,96.22,91.94,4.27,3.78
1100205,79.66,74.83,4.83,20.34
1100254,93.47,90.68,2.79,6.53
1100262,86.75,85.28,1.47,13.25
1100288,96.06,95.25,0.81,3.94
1100296,93.91,91.17,2.73,6.09
1100304,99.4,97.81,1.59,0.6
1100320,91.72,88.6,3.13,8.28
1100338,64.48,62.61,1.87,35.52
1100346,92.26,90.7,1.56,7.74
1100379,84.66,81.05,3.61,15.34
1100403,83.38,80.62,2.76,16.62
1100452,88.28,84.48,3.8,11.72
1100502,93.21,87.11,6.1,6.79
1100601,85.61,83.53,2.07,14.39
1100700,75.01,70.31,4.7,24.99
1100809,81.54,78.36,3.18,18.46
1100908,94.29,91.81,2.48,5.71
1100924,93.85,90.26,3.58,6.15
1100940,80.49,73.66,6.84,19.51
1101005,88.46,86.91,1.55,11.54
1101104,77.03,72.61,4.42,22.97
1101203,97.39,93.72,3.67,2.61
1101302,92.2,87.4,4.8,7.8
1101401,87.28,85.59,1.69,12.72
1101435,91.86,87.15,4.71,8.14
1101450,94.91,85.33,9.58,5.09
1101468,91.87,87.26,4.61,8.13
1101476,96.53,92.41,4.12,3.47
1101484,94.35,92.6,1.75,5.65
1101492,84.81,81.87,2.94,15.19
1101500,80.38,79.58,0.8,19.62
1101559,95.35,94.14,1.21,4.65
1101609,92.56,89.63,2.92,7.44
1101708,91.11,87.1,4.01,8.89
1101757,82.08,75.58,6.49,17.92
1101807,94.99,93.19,1.81,5.01
1200013,77.93,69.33,8.6,22.07
1200054,66.29,53.17,13.12,33.71
1200104,77.49,65.48,12.01,22.51
1200138,64.27,56.05,8.22,35.73
1200179,61.75,36.29,25.45,38.25
1200203,65.86,51.35,14.51,34.14
1200252,77.69,63.83,13.86,22.31
1200302,45.78,34.56,11.23,54.22
1200328,37.37,18.14,19.23,62.63
1200336,66.35,39.89,26.46,33.65
1200344,64.45,41.72,22.72,35.55
1200351,24.04,21.01,3.03,75.96
1200385,71.38,58.88,12.5,28.62
1200393,38.94,22.95,15.99,61.06
1200401,77.78,68.39,9.4,22.22
1200427,50.42,19.42,31,49.58
1200435,50.45,42.39,8.06,49.55
1200450,76.92,65.42,11.5,23.08
1200500,58.26,44.16,14.1,41.74
1200609,56.1,36.88,19.22,43.9
1200708,74.46,67.38,7.08,25.54
1200807,61.81,54.37,7.44,38.19
1300029,74.6,39.5,35.1,25.4
1300060,73.1,50.5,22.6,26.9
1300086,59.65,59.05,0.6,40.35
1300102,68.05,60.91,7.14,31.95
1300144,58.57,52.87,5.7,41.43
1300201,37.11,28.85,8.27,62.89
1300300,36.92,31.26,5.66,63.08
1300409,54.92,45.64,9.28,45.08
1300508,56.83,48.21,8.62,43.17
1300607,52.65,47.02,5.63,47.35
1300631,62.15,54.82,7.33,37.85
1300680,67.79,48.76,19.03,32.21
1300706,65.46,51.94,13.52,34.54
1300805,59.76,43.06,16.7,40.24
1300839,63.75,59.62,4.13,36.25
1300904,55.22,53.85,1.37,44.78
1301001,81.3,44.5,36.8,18.7
1301100,50.07,43.12,6.95,49.93
1301159,27.14,21.14,6,72.86
1301209,64.92,57.31,7.61,35.08
1301308,70.6,53.65,16.95,29.4
1301407,68.9,46.09,22.81,31.1
1301506,65.25,44.47,20.78,34.75
1301605,69.05,46.06,22.99,30.95
1301654,47.29,25.86,21.42,52.71
1301704,79.17,72.77,6.4,20.83
1301803,40.1,25.34,14.76,59.9
1301852,78.99,64.49,14.5,21.01
1301902,81.09,72.91,8.17,18.91
1301951,51.43,28.39,23.04,48.57
1302009,75.2,57.24,17.97,24.8
1302108,52.79,48.85,3.95,47.21
1302207,48.96,33.22,15.74,51.04
1302306,65.24,50.66,14.58,34.76
1302405,64.07,55.09,8.98,35.93
1302504,76.01,68.63,7.38,23.99
1302553,41.11,39.21,1.9,58.89
1302603,92.9,87.27,5.63,7.1
1302702,51.23,35.2,16.03,48.77
1302801,49.77,41.78,7.99,50.23
1302900,58.95,50.31,8.64,41.05
1303007,60.58,53,7.58,39.42
1303106,51.08,35.75,15.33,48.92
1303205,63.49,48.31,15.19,36.51
1303304,42.51,34.18,8.33,57.49
1303403,76.12,62.86,13.26,23.88
1303502,54.08,24.33,29.75,45.92
1303536,83.19,78.22,4.97,16.81
1303569,89.56,77.4,12.16,10.44
1303601,47.64,33.28,14.35,52.36
1303700,51.47,29.82,21.64,48.53
1303809,44.65,35.24,9.4,55.35
1303908,41.22,30.33,10.89,58.78
1303957,72.35,69.52,2.83,27.65
1304005,57.97,47.69,10.29,42.03
1304062,69.58,53.78,15.8,30.42
1304104,63.85,55.93,7.92,36.15
1304203,86.32,70.48,15.84,13.68
1304237,35.1,15.29,19.8,64.9
1304260,65.11,55.2,9.91,34.89
1304302,85.31,69.83,15.48,14.69
1304401,68.08,60.34,7.74,31.92
1400027,47.21,37.13,10.09,52.79
1400050,54.61,41.99,12.62,45.39
1400100,98.42,92.43,5.99,1.58
1400159,61.75,52.78,8.97,38.25
1400175,65.3,51.09,14.21,34.7
1400209,75.86,69.45,6.41,24.14
1400233,83.33,65.16,18.17,16.67
1400282,72.89,62.02,10.87,27.11
1400308,82.78,77.34,5.44,17.22
1400407,68.23,52.95,15.28,31.77
1400456,84.01,64.72,19.29,15.99
1400472,64.34,54.98,9.36,35.66
1400506,86.25,79.83,6.42,13.75
1400605,85.62,80.51,5.1,14.38
1400704,45.07,23.61,21.45,54.93
1500107,64.09,57.19,6.9,35.91
1500131,92.98,70.7,22.28,7.02
1500206,43.79,32.79,11,56.21
1500305,29.36,23.3,6.06,70.64
1500347,78.93,72.34,6.59,21.07
1500404,45.9,36.15,9.75,54.1
1500503,74.78,60.1,14.68,25.22
1500602,80.62,71.89,8.73,19.38
1500701,20.04,17.6,2.43,79.96
1500800,84.83,80.93,3.9,15.17
1500859,43.22,30.28,12.94,56.78
1500909,59.36,45.62,13.74,40.64
1500958,68.68,53.56,15.12,31.32
1501006,46.97,32.33,14.65,53.03
1501105,42.61,27.97,14.63,57.39
1501204,76.53,54.82,21.72,23.47
1501253,83.56,69.55,14.01,16.44
1501303,72.79,67.15,5.64,27.21
1501402,94.85,90.4,4.45,5.15
1501451,69.72,48.48,21.24,30.28
1501501,87.43,81.27,6.16,12.57
1501576,67.16,56.02,11.14,32.84
1501600,73.44,54.76,18.69,26.56
1501709,70.58,63.66,6.92,29.42
1501725,84.14,69.18,14.96,15.86
1501758,79.06,48.02,31.04,20.94
1501782,66.27,49.76,16.52,33.73
1501808,47.16,36.92,10.24,52.84
1501907,48.91,40.74,8.17,51.09
1501956,27.06,16.18,10.87,72.94
1502004,49.53,35.14,14.39,50.47
1502103,60.22,56.93,3.29,39.78
1502152,72.31,65.33,6.98,27.69
1502202,76.5,67.27,9.23,23.5
1502301,75.01,63.57,11.44,24.99
1502400,80.32,71.12,9.21,19.68
1502509,20.28,14.62,5.66,79.72
1502608,80.97,61.7,19.27,19.03
1502707,82.71,73.88,8.83,17.29
1502756,41.44,36.15,5.29,58.56
1502764,65.96,49.09,16.87,34.04
1502772,71.17,56.24,14.94,28.83
1502806,32.48,29.27,3.21,67.52
1502855,79.03,33.74,45.29,20.97
1502905,91.53,77.03,14.5,8.47
1502939,83.97,48.89,35.08,16.03
1502954,52.93,42.44,10.48,47.07
1503002,82.72,60.13,22.59,17.28
1503044,56,50.87,5.13,44
1503077,46.13,38,8.13,53.87
1503093,63.25,54.03,9.23,36.75
1503101,43.37,37.68,5.69,56.63
1503200,79.71,67.33,12.38,20.29
1503309,47.15,42.24,4.91,52.85
1503408,68.09,52.97,15.12,31.91
1503457,64.28,49.51,14.77,35.72
1503507,71.99,58.81,13.17,28.01
1503606,65.08,57.45,7.63,34.92
1503705,38.72,32.83,5.88,61.28
1503754,56.23,44.24,11.99,43.77
1503804,64.59,54.72,9.87,35.41
1503903,72.73,54,18.73,27.27
1504000,30.03,26.53,3.5,69.97
1504059,68.28,60.75,7.53,31.72
1504109,90.78,67.31,23.47,9.22
1504208,73.35,65.01,8.34,26.65
1504307,73.17,55.16,18.01,26.83
1504406,79.47,67.96,11.52,20.53
1504422,84.1,80.28,3.81,15.9
1504455,67.69,49.52,18.16,32.31
1504505,20.94,17.49,3.46,79.06
1504604,70.48,61.9,8.58,29.52
1504703,52.85,42.63,10.22,47.15
1504802,58.02,43.11,14.91,41.98
1504901,53.3,49.1,4.2,46.7
1504950,27.84,25.14,2.7,72.16
1504976,52.55,42.83,9.72,47.45
1505007,80.35,58.9,21.44,19.65
1505031,88.2,80.87,7.33,11.8
1505064,47.33,38.5,8.83,52.67
1505106,69,51.9,17.09,31
1505205,50.79,39.14,11.65,49.21
1505304,77.09,55.61,21.48,22.91
1505403,71.45,55.94,15.51,28.55
1505437,88.67,64.7,23.97,11.33
1505486,41.25,33.5,7.76,58.75
1505494,82.02,39.17,42.85,17.98
1505502,85.96,69.92,16.03,14.04
1505536,91.44,79.75,11.7,8.56
1505551,65.61,58.5,7.11,34.39
1505601,84.93,61.17,23.76,15.07
1505635,53.56,37.7,15.86,46.44
1505650,56.77,44.09,12.67,43.23
1505700,59.22,50.71,8.51,40.78
1505809,47.46,40.34,7.12,52.54
1505908,59.09,46.56,12.53,40.91
1506005,55.69,43.1,12.59,44.31
1506104,76.27,59.19,17.08,23.73
1506112,60.56,47.7,12.86,39.44
1506138,84.69,73.18,11.52,15.31
1506161,84.48,71.02,13.46,15.52
1506187,86.68,69.2,17.48,13.32
1506195,57.38,43.7,13.68,42.62
1506203,77.26,71.97,5.29,22.74
1506302,89.06,70.59,18.47,10.94
1506351,81.47,66.9,14.57,18.53
1506401,82.55,79.92,2.63,17.45
1506500,85.37,77.72,7.65,14.63
1506559,37.03,35.95,1.09,62.97
1506583,61.72,53.56,8.16,38.28
1506609,84.04,71.73,12.32,15.96
1506708,69.54,62.89,6.65,30.46
1506807,82.31,71.17,11.14,17.69
1506906,80.77,56.95,23.82,19.23
1507003,90.3,77.29,13.01,9.7
1507102,81.37,67.48,13.89,18.63
1507151,75.79,46.26,29.53,24.21
1507201,48.56,45.1,3.45,51.44
1507300,59.21,51.22,8,40.79
1507409,78.75,67.65,11.1,21.25
1507458,71.24,59.72,11.52,28.76
1507466,85.1,57.67,27.44,14.9
1507474,65.4,53.76,11.64,34.6
1507508,54.12,36.8,17.32,45.88
1507607,64.37,52.99,11.38,35.63
1507706,37.28,26.49,10.79,62.72
1507755,89.98,83.89,6.09,10.02
1507805,57.34,39.5,17.84,42.66
1507904,84.3,74.35,9.95,15.7
1507953,55.07,46.92,8.15,44.93
1507961,85.81,77.16,8.64,14.19
1507979,85.11,65.26,19.85,14.89
1508001,72.53,66.11,6.42,27.47
1508035,46.24,39.91,6.33,53.76
1508050,54.88,49.81,5.07,45.12
1508084,82.2,74.26,7.94,17.8
1508100,90.58,81.06,9.52,9.42
1508126,76.32,65.84,10.48,23.68
1508159,67.09,57.16,9.93,32.91
1508209,81.93,67.21,14.72,18.07
1508308,45.91,37.1,8.81,54.09
1508357,74.19,53.93,20.26,25.81
1508407,79.51,72.97,6.54,20.49
1600055,81.74,77.17,4.57,18.26
1600105,49.3,45.84,3.46,50.7
1600154,70,52.45,17.55,30
1600204,59.82,52.05,7.77,40.18
1600212,84.15,76.83,7.33,15.85
1600238,82.87,66.19,16.68,17.13
1600253,74.19,72.92,1.26,25.81
1600279,93.52,73.76,19.76,6.48
1600303,87.67,78.93,8.74,12.33
1600402,50.9,43.51,7.39,49.1
1600501,59.38,52.77,6.61,40.62
1600535,58.06,46.82,11.23,41.94
1600550,52.71,48.56,4.15,47.29
1600600,90.42,81.85,8.57,9.58
1600709,65.18,52.99,12.19,34.82
1600808,68.39,43.29,25.09,31.61
1700251,76.42,73.13,3.29,23.58
1700301,94.35,74.28,20.07,5.65
1700350,92.46,88.38,4.08,7.54
1700400,84.94,76.32,8.62,15.06
1700707,98.73,97.37,1.36,1.27
1701002,92.62,78.95,13.67,7.38
1701051,89.59,76.35,13.23,10.41
1701101,97.84,93.09,4.75,2.16
1701309,59.88,56.22,3.66,40.12
1701903,74.29,68.43,5.87,25.71
1702000,96.5,91.84,4.66,3.5
1702109,97.78,94.31,3.47,2.22
1702158,92.02,88.47,3.56,7.98
1702208,82.52,66.1,16.43,17.48
1702307,95.87,89.66,6.21,4.13
1702406,80.51,70.03,10.48,19.49
1702554,91.75,78.99,12.76,8.25
1702703,89.8,83.72,6.08,10.2
1702901,92.12,72.71,19.41,7.88
1703008,80.74,73.96,6.77,19.26
1703057,96.18,89.14,7.03,3.82
1703073,76.62,73.16,3.46,23.38
1703107,98.39,97.13,1.27,1.61
1703206,90.13,90.13,0,9.87
1703305,91.45,80.61,10.84,8.55
1703602,94.8,84.82,9.99,5.2
1703701,87.18,81.9,5.28,12.82
1703800,95.91,72.32,23.59,4.09
1703826,90.98,64.8,26.17,9.02
1703842,72.29,56.62,15.67,27.71
1703867,91.27,88.68,2.59,8.73
1703883,91.64,91.64,0,8.36
1703891,90.5,82.11,8.39,9.5
1703909,68.98,62.31,6.67,31.02
1704105,74.4,55.54,18.85,25.6
1704600,87.48,85.81,1.67,12.52
1705102,68.61,59.38,9.22,31.39
1705508,97.71,90.87,6.85,2.29
1705557,97.66,91.43,6.23,2.34
1705607,70.59,67.13,3.46,29.41
1706001,74.35,71.01,3.33,25.65
1706100,91.9,90.92,0.99,8.1
1706258,83.32,83.32,0,16.68
1706506,82.79,63.44,19.36,17.21
1707009,92.4,80.89,11.51,7.6
1707108,87.66,85.99,1.67,12.34
1707207,81.93,64.55,17.38,18.07
1707306,91.98,84.87,7.11,8.02
1707405,72.61,61.73,10.89,27.39
1707553,91.9,90.87,1.03,8.1
1707652,93.9,90.93,2.97,6.1
1707702,86.16,78.2,7.96,13.84
1708205,85.73,83.23,2.5,14.27
1708254,98.51,97.28,1.23,1.49
1708304,71.17,70.61,0.55,28.83
1709005,74.91,56.77,18.14,25.09
1709302,97.53,94.9,2.62,2.47
1709500,96.12,94.02,2.1,3.88
1709807,84.61,81.3,3.31,15.39
1710508,87.15,73.97,13.18,12.85
1710706,79.63,72.33,7.3,20.37
1710904,75,68.78,6.22,25
1711100,93.65,76.16,17.49,6.35
1711506,73.24,71.87,1.38,26.76
1711803,81.02,78.26,2.76,18.98
1711902,74.36,68.77,5.59,25.64
1711951,88.28,79.25,9.03,11.72
1712009,98.68,74.86,23.82,1.32
1712157,81.5,78.5,3,18.5
1712405,84.61,79.02,5.58,15.39
1712454,94.91,85.98,8.93,5.09
1712504,83.06,82.37,0.69,16.94
1712702,86.49,70.81,15.68,13.51
1712801,68.67,57.94,10.74,31.33
1713205,96.72,92.21,4.51,3.28
1713304,97.6,95.6,1.99,2.4
1713601,74.78,64.25,10.53,25.22
1713700,84.81,83.99,0.81,15.19
1713809,87.5,66.9,20.6,12.5
1713957,78.32,70.04,8.28,21.68
1714203,87.38,78.79,8.59,12.62
1714302,94.04,86.71,7.33,5.96
1714880,88.24,82.66,5.58,11.76
1715002,84.96,84.34,0.62,15.04
1715101,93.73,89.32,4.41,6.27
1715150,91.82,90.69,1.14,8.18
1715259,87.27,81.61,5.66,12.73
1715507,96.6,94.67,1.93,3.4
1715705,62.43,48.69,13.74,37.57
1715754,94.93,81.94,12.99,5.07
1716109,96.81,95.94,0.87,3.19
1716208,64.43,47.93,16.5,35.57
1716307,88.18,78.64,9.54,11.82
1716505,94.81,92.1,2.7,5.19
1716604,84.94,80.15,4.79,15.06
1716653,72.59,56.72,15.87,27.41
1716703,95.56,91.11,4.45,4.44
1717008,89.11,78.99,10.12,10.89
1717206,67.38,59.02,8.36,32.62
1717503,86.96,80.03,6.93,13.04
1717800,82.77,58.75,24.01,17.23
1717909,88.8,84.19,4.61,11.2
1718006,83.72,76.26,7.45,16.28
1718204,96.46,93.04,3.42,3.54
1718303,94.61,51.75,42.85,5.39
1718402,92.67,91.77,0.9,7.33
1718451,92.55,91.96,0.6,7.45
1718501,69.12,58.23,10.89,30.88
1718550,69.27,57.45,11.82,30.73
1718659,95.27,93.78,1.49,4.73
1718709,81.77,77.12,4.65,18.23
1718758,80.52,71.84,8.68,19.48
1718808,93.9,70.21,23.69,6.1
1718840,91.81,91.08,0.73,8.19
1718865,92.76,76.24,16.52,7.24
1718881,77.48,73.67,3.8,22.52
1718899,74.57,73.23,1.34,25.43
1718907,62.53,57.98,4.55,37.47
1719004,88.88,81.81,7.07,11.12
1720002,92.68,75.1,17.58,7.32
1720101,72.69,45.45,27.24,27.31
1720150,92.53,81.07,11.46,7.47
1720200,76.18,64.85,11.33,23.82
1720259,85.24,75.99,9.25,14.76
1720309,91.98,84.18,7.8,8.02
1720499,74.24,69.83,4.41,25.76
1720655,88.46,78.28,10.18,11.54
1720804,82.47,70.92,11.55,17.53
1720853,83.34,80.44,2.91,16.66
1720903,88.83,79.59,9.24,11.17
1720937,78.2,75.06,3.14,21.8
1720978,87.69,66.11,21.58,12.31
1721000,99.1,95.42,3.68,0.9
1721109,90.41,84.21,6.21,9.59
1721208,93.13,87.54,5.59,6.87
1721257,83.05,79.89,3.16,16.95
1721307,67.91,56.18,11.73,32.09
1722081,88.39,83.52,4.87,11.61
1722107,86.59,77.68,8.91,13.41
2100055,95.38,79.73,15.64,4.62
2100105,60.15,34.52,25.63,39.85
2100154,76.99,56.91,20.09,23.01
2100204,69.28,56.69,12.59,30.72
2100303,44.13,26.73,17.41,55.87
2100402,92.51,41.89,50.62,7.49
2100436,82.42,55.01,27.41,17.58
2100477,87.32,65.12,22.2,12.68
2100501,72.83,59.28,13.54,27.17
2100550,73.11,39.86,33.25,26.89
2100600,75.01,45.9,29.11,24.99
2100709,69.08,52.01,17.07,30.92
2100808,77.44,52.91,24.53,22.56
2100832,77.6,42.5,35.1,22.4
2100873,63.57,47.19,16.38,36.43
2100907,52.85,42.09,10.76,47.15
2100956,66.12,26.89,39.23,33.88
2101004,72.02,62.86,9.16,27.98
2101103,75.57,55.04,20.53,24.43
2101202,93.2,82.72,10.49,6.8
2101251,88.57,53.59,34.97,11.43
2101301,71.92,32.94,38.98,28.08
2101350,62.44,54.18,8.26,37.56
2101400,85.57,78.68,6.9,14.43
2101509,90.6,83.86,6.74,9.4
2101608,81.16,58.77,22.39,18.84
2101707,45.12,36.24,8.88,54.88
2101731,46.93,19.3,27.63,53.07
2101772,97.94,57.63,40.31,2.06
2101806,78.19,73.03,5.17,21.81
2101905,48.08,27,21.08,51.92
2101939,79.24,71.15,8.08,20.76
2101970,66.02,44.21,21.81,33.98
2102002,77.06,53.33,23.72,22.94
2102036,69.04,45.47,23.57,30.96
2102077,75.25,57.82,17.43,24.75
2102101,65.24,41.51,23.73,34.76
2102150,61.52,27.1,34.42,38.48
2102200,46.11,26.74,19.37,53.89
2102309,79.55,59.63,19.93,20.45
2102325,73.28,34.8,38.48,26.72
2102358,88.28,39.58,48.7,11.72
2102374,30.14,18.13,12.01,69.86
2102408,67.14,36.63,30.51,32.86
2102507,33.39,21.93,11.46,66.61
2102556,96.07,70.64,25.43,3.93
2102606,45.55,31.95,13.6,54.45
2102705,62.25,41.25,21.01,37.75
2102754,79.67,67.66,12.01,20.33
2102804,83.16,71.83,11.32,16.84
2102903,51.65,29.01,22.64,48.35
2103000,85.05,73.65,11.4,14.95
2103109,94.69,79.26,15.43,5.31
2103125,80.25,31.03,49.21,19.75
2103158,61.57,32.68,28.9,38.43
2103174,43.89,30.7,13.19,56.11
2103208,65.95,51.59,14.37,34.05
2103257,93.11,62.38,30.73,6.89
2103307,83.18,63.34,19.84,16.82
2103406,87.91,51.51,36.4,12.09
2103505,79.16,51.4,27.77,20.84
2103554,76.36,21.81,54.56,23.64
2103604,82.67,66.84,15.83,17.33
2103703,64,50.7,13.3,36
2103752,92.8,64.11,28.69,7.2
2103802,89.36,76.18,13.18,10.64
2103901,57.36,46.63,10.73,42.64
2104008,80.82,62.92,17.9,19.18
2104057,92.77,86.67,6.1,7.23
2104073,53.69,49.46,4.23,46.31
2104081,53.37,29.14,24.22,46.63
2104099,58.37,50.54,7.83,41.63
2104107,75.03,66.59,8.45,24.97
2104206,81.85,52.99,28.85,18.15
2104305,64.55,47.81,16.75,35.45
2104404,85.31,58.15,27.16,14.69
2104503,90.32,58.44,31.88,9.68
2104552,90.43,68.77,21.65,9.57
2104602,90.2,36.71,53.48,9.8
2104628,94.65,70.02,24.63,5.35
2104651,56.64,43.12,13.53,43.36
2104677,62.68,38.49,24.19,37.32
2104701,95.35,79.96,15.39,4.65
2104800,80.56,51.51,29.05,19.44
2104909,86.39,68.35,18.04,13.61
2105005,46.06,18.26,27.8,53.94
2105104,46.31,19.86,26.46,53.69
2105153,89.31,60.37,28.94,10.69
2105203,84.62,72.17,12.46,15.38
2105302,97.11,92.01,5.1,2.89
2105351,80.23,30.71,49.53,19.77
2105401,74.43,56.83,17.6,25.57
2105427,94.7,68.7,26,5.3
2105450,92.37,57.45,34.92,7.63
2105476,71.81,39.45,32.36,28.19
2105500,93.12,69.03,24.09,6.88
2105609,83.19,41.85,41.34,16.81
2105658,86.03,53.67,32.36,13.97
2105708,57.95,49.17,8.78,42.05
2105807,60.23,50.21,10.02,39.77
2105906,68.34,21.14,47.2,31.66
2105922,83.16,43.74,39.42,16.84
2105948,85.02,64.28,20.74,14.98
2105963,65.5,36.78,28.72,34.5
2105989,73.71,61.91,11.81,26.29
2106003,87.04,77.82,9.22,12.96
2106102,75.64,60.02,15.62,24.36
2106201,64.5,51.31,13.18,35.5
2106300,85.98,69.33,16.65,14.02
2106326,62.29,44.26,18.03,37.71
2106359,21.62,21.03,0.59,78.38
2106375,66.25,42.99,23.26,33.75
2106409,81.64,65.95,15.69,18.36
2106508,56.33,39.68,16.65,43.67
2106607,69.02,38.77,30.25,30.98
2106631,56.52,41.88,14.64,43.48
2106672,43.43,29.22,14.21,56.57
2106706,64.67,55.29,9.37,35.33
2106755,82.39,54.12,28.28,17.61
2106805,75.37,56.1,19.28,24.63
2106904,71.21,46.3,24.91,28.79
2107001,75.33,46.04,29.3,24.67
2107100,40.03,29.03,10.99,59.97
2107209,57.35,32.56,24.8,42.65
2107258,70.32,51.39,18.93,29.68
2107308,74.44,53.94,20.5,25.56
2107357,49.29,45.19,4.1,50.71
2107407,79.41,49.68,29.73,20.59
2107456,65.07,34.09,30.97,34.93
2107506,94.3,80.56,13.74,5.7
2107605,67.55,39.4,28.14,32.45
2107704,93.09,78.34,14.75,6.91
2107803,69,41.13,27.87,31
2107902,89.38,63.22,26.16,10.62
2108009,88.45,66.1,22.36,11.55
2108058,28.36,19.08,9.27,71.64
2108108,47.7,41.22,6.47,52.3
2108207,92.41,85.78,6.62,7.59
2108256,16.09,8.68,7.41,83.91
2108306,55.36,35.67,19.69,44.64
2108405,46.49,39.11,7.38,53.51
2108454,55.57,44.18,11.39,44.43
2108504,96.51,74.33,22.17,3.49
2108603,58.12,51.06,7.06,41.88
2108702,89.38,71.2,18.18,10.62
2108801,58.66,36.61,22.05,41.34
2108900,64.06,52.08,11.98,35.94
2109007,92.55,83.9,8.65,7.45
2109056,94.67,81.33,13.34,5.33
2109106,97,83.94,13.06,3
2109205,41.09,25.51,15.57,58.91
2109239,79.15,70.55,8.6,20.85
2109270,35.22,22.78,12.44,64.78
2109304,44.43,27.57,16.85,55.57
2109403,32.96,11.28,21.67,67.04
2109452,91.44,58.99,32.45,8.56
2109502,69.3,63.06,6.24,30.7
2109551,79.58,61.03,18.55,20.42
2109601,76.23,59.62,16.62,23.77
2109700,58.01,43.56,14.44,41.99
2109759,87.48,75.25,12.23,12.52
2109809,47.13,42.85,4.28,52.87
2109908,97.94,90.43,7.51,2.06
2110005,73.73,45.6,28.13,26.27
2110039,81.49,64.85,16.64,18.51
2110104,57.32,37.24,20.08,42.68
2110203,72.26,48.98,23.28,27.74
2110237,86.15,62.39,23.76,13.85
2110278,24.15,19.63,4.52,75.85
2110302,72.26,61.96,10.3,27.74
2110401,46.94,27.85,19.09,53.06
2110500,60.86,55.48,5.37,39.14
2110609,79.87,65.91,13.96,20.13
2110658,73.4,53.96,19.44,26.6
2110708,89.57,65.37,24.2,10.43
2110807,40.26,30.53,9.73,59.74
2110856,87.79,49.38,38.42,12.21
2110906,67.59,55.5,12.09,32.41
2111003,52.99,34.99,18,47.01
2111029,68.82,35.08,33.74,31.18
2111052,71.44,63.84,7.6,28.56
2111078,74.06,41.15,32.91,25.94
2111102,95.09,87.31,7.77,4.91
2111201,93.67,80.62,13.05,6.33
2111250,95.09,59.25,35.84,4.91
2111300,93.83,86.07,7.76,6.17
2111409,72.86,57.78,15.08,27.14
2111508,69.46,48.43,21.03,30.54
2111532,86.12,54.16,31.95,13.88
2111573,77.41,71.08,6.33,22.59
2111607,85.2,70.66,14.54,14.8
2111631,69.49,39.78,29.7,30.51
2111672,66.04,47,19.04,33.96
2111706,37.11,26.83,10.28,62.89
2111722,80.91,50.43,30.48,19.09
2111748,63.63,31.42,32.21,36.37
2111763,92.36,58.35,34.01,7.64
2111789,60.58,43.89,16.68,39.42
2111805,63.84,56.45,7.39,36.16
2111904,76.58,32.01,44.57,23.42
2111953,92.02,64.75,27.28,7.98
2112001,76.9,69.03,7.87,23.1
2112100,57.4,37.15,20.25,42.6
2112209,94.81,83.34,11.46,5.19
2112233,91.78,83.7,8.08,8.22
2112274,94.48,47.44,47.04,5.52
2112308,86.56,71.08,15.48,13.44
2112407,35.36,23.58,11.79,64.64
2112456,41.37,26.26,15.11,58.63
2112506,56.99,34.63,22.36,43.01
2112605,60.42,45.4,15.02,39.58
2112704,52.11,32.38,19.73,47.89
2112803,46.09,38.71,7.38,53.91
2112852,87.65,63.61,24.05,12.35
2112902,84.9,66.08,18.82,15.1
2113009,77.88,57.68,20.2,22.12
2114007,69.52,58.24,11.27,30.48
2200053,27.31,25.6,1.71,72.69
2200103,97.49,83.78,13.72,2.51
2200202,95.56,89.58,5.98,4.44
2200251,55.54,55.16,0.38,44.46
2200277,92.25,91.13,1.12,7.75
2200301,70.51,65.68,4.83,29.49
2200400,81.53,71.08,10.45,18.47
2200459,87.08,69.2,17.88,12.92
2200509,90.89,82.31,8.59,9.11
2200608,98.69,94.49,4.2,1.31
2200707,58.1,48.54,9.55,41.9
2200806,87.75,80.67,7.07,12.25
2200905,85.93,79.31,6.62,14.07
2200954,92.02,81.95,10.07,7.98
2201002,92.62,82.39,10.22,7.38
2201051,77.2,67.84,9.37,22.8
2201101,62.92,60.1,2.82,37.08
2201150,74.34,66.54,7.8,25.66
2201176,94.02,90.99,3.03,5.98
2201200,66.29,55.99,10.3,33.71
2201309,80.45,74.89,5.57,19.55
2201408,96.35,91.27,5.08,3.65
2201507,76.1,63.27,12.83,23.9
2201556,93.75,89.83,3.92,6.25
2201572,53.36,38.39,14.98,46.64
2201606,69.53,62.48,7.05,30.47
2201705,91.49,80.76,10.73,8.51
2201739,8.88,8.57,0.32,91.12
2201770,63.74,39.64,24.11,36.26
2201804,97.12,93.88,3.24,2.88
2201903,94.18,87.47,6.72,5.82
2201919,76.77,62.29,14.48,23.23
2201929,28.2,18.41,9.79,71.8
2201945,80.04,57.37,22.67,19.96
2201960,84.05,75.32,8.72,15.95
2201988,70.44,66.18,4.26,29.56
2202000,76.22,61.67,14.56,23.78
2202026,84.61,70.24,14.37,15.39
2202059,66.09,54.92,11.17,33.91
2202075,79.69,65.62,14.07,20.31
2202083,41.81,33.82,7.99,58.19
2202091,9.97,9.74,0.23,90.03
2202109,62.65,60.43,2.21,37.35
2202117,44.23,43.25,0.98,55.77
2202133,54.04,37.53,16.51,45.96
2202174,54.77,32.43,22.33,45.23
2202208,92.65,88.01,4.63,7.35
2202251,88.75,78.37,10.38,11.25
2202307,80.3,76.47,3.83,19.7
2202406,80.19,73.25,6.94,19.81
2202455,38.13,36.5,1.63,61.87
2202505,50.81,35.43,15.39,49.19
2202539,55.19,50.29,4.9,44.81
2202554,60.11,38.84,21.27,39.89
2202604,86.03,76.08,9.96,13.97
2202653,56.6,45.04,11.56,43.4
2202703,69.32,56.64,12.67,30.68
2202711,79.85,62.79,17.06,20.15
2202729,75.14,65.5,9.63,24.86
2202737,79.42,54.99,24.43,20.58
2202752,99.02,95.41,3.61,0.98
2202778,93.62,83.78,9.83,6.38
2202802,83.7,79.06,4.63,16.3
2202851,36.19,36.01,0.18,63.81
2202901,74.38,68.02,6.36,25.62
2203008,54.44,42.78,11.66,45.56
2203107,92.39,77,15.39,7.61
2203206,73.27,67.49,5.78,26.73
2203230,73.95,59.01,14.94,26.05
2203255,93.73,42.88,50.85,6.27
2203271,42.53,30.61,11.92,57.47
2203305,88.89,75.7,13.19,11.11
2203354,40.29,38.31,1.98,59.71
2203404,98.03,93.11,4.92,1.97
2203420,79.1,62.36,16.74,20.9
2203453,17.54,14.64,2.9,82.46
2203503,87.16,84,3.16,12.84
2203602,94.22,93.03,1.19,5.78
2203701,80.07,68.92,11.15,19.93
2203750,27.9,24.91,3,72.1
2203800,78.02,76.59,1.43,21.98
2203859,73.78,72.31,1.47,26.22
2203909,92.42,88.63,3.8,7.58
2204006,90.9,89.13,1.77,9.1
2204105,84.61,80.82,3.79,15.39
2204154,61.23,60.42,0.81,38.77
2204204,89.37,79.66,9.71,10.63
2204303,71.39,70.02,1.37,28.61
2204352,98.86,91.22,7.64,1.14
2204402,61.87,56.05,5.81,38.13
2204501,90.39,79.36,11.03,9.61
2204550,46.35,41.37,4.98,53.65
2204600,97.27,88.36,8.91,2.73
2204659,81.83,73.85,7.98,18.17
2204709,96.91,90.95,5.95,3.09
2204808,94.46,89.74,4.72,5.54
2204907,58.38,51.34,7.04,41.62
2205003,89.72,77.95,11.77,10.28
2205102,76.02,64.72,11.3,23.98
2205151,48.56,46.18,2.39,51.44
2205201,60.42,58.42,2,39.58
2205250,94.86,85.74,9.11,5.14
2205276,85.55,76.77,8.78,14.45
2205300,88.54,84.39,4.15,11.46
2205359,64.59,57.35,7.24,35.41
2205409,69.79,59.75,10.05,30.21
2205458,66.92,55.33,11.59,33.08
2205508,85.17,63.53,21.65,14.83
2205516,82.37,64.44,17.94,17.63
2205524,63.19,45.48,17.7,36.81
2205532,60.55,42.22,18.33,39.45
2205540,99.67,92.26,7.4,0.33
2205557,63.09,52.63,10.46,36.91
2205565,34.3,34.08,0.22,65.7
2205573,55.14,36.12,19.02,44.86
2205581,84.39,67.14,17.25,15.61
2205599,90.88,85.89,5,9.12
2205607,91.95,91.5,0.45,8.05
2205706,57.09,51.8,5.29,42.91
2205805,78.3,68.25,10.06,21.7
2205854,76.09,32.35,43.74,23.91
2205904,92.37,88.61,3.76,7.63
2205953,21.27,21.13,0.15,78.73
2206001,94.1,88.39,5.71,5.9
2206050,27.03,22.53,4.5,72.97
2206100,78.02,43.88,34.14,21.98
2206209,49.78,37.05,12.73,50.22
2206308,89.27,72.09,17.19,10.73
2206357,67.98,36.24,31.73,32.02
2206407,91.22,71.93,19.3,8.78
2206506,69.06,64.38,4.67,30.94
2206605,73.95,61.18,12.77,26.05
2206654,49.97,47.86,2.11,50.03
2206670,76.58,41.57,35,23.42
2206696,40.79,37.1,3.69,59.21
2206704,87.64,76.07,11.58,12.36
2206720,75.65,54.8,20.85,24.35
2206753,83.95,78.27,5.69,16.05
2206803,62.25,37.34,24.91,37.75
2206902,92.89,89.47,3.42,7.11
2206951,66.18,57.41,8.77,33.82
2207009,88.73,82.19,6.55,11.27
2207108,97.37,83.88,13.49,2.63
2207207,61.34,56.75,4.59,38.66
2207306,87.13,82.29,4.84,12.87
2207355,79.21,72.73,6.48,20.79
2207405,75.8,65.87,9.93,24.2
2207504,84.73,62.65,22.08,15.27
2207553,80.25,71.04,9.21,19.75
2207603,47.95,39.39,8.56,52.05
2207702,91.94,85.59,6.34,8.06
2207751,73.51,69.47,4.04,26.49
2207777,81.33,51.61,29.72,18.67
2207793,49.84,36.42,13.43,50.16
2207801,65.41,64.15,1.25,34.59
2207850,76.35,74.91,1.44,23.65
2207900,72.27,61.15,11.12,27.73
2207934,90.17,90.17,0,9.83
2207959,74.49,70.41,4.08,25.51
2208007,97.79,92.78,5.01,2.21
2208106,79.09,72.89,6.2,20.91
2208205,47.04,47.04,0,52.96
2208304,81.02,77.04,3.98,18.98
2208403,89.13,79.21,9.92,10.87
2208502,69.56,47.53,22.02,30.44
2208551,83.42,56.12,27.29,16.58
2208601,88.55,71.63,16.92,11.45
2208650,36.73,34.84,1.89,63.27
2208700,87.67,72.26,15.41,12.33
2208809,80.46,64.68,15.78,19.54
2208858,54.25,52.83,1.42,45.75
2208874,82.88,66.87,16.01,17.12
2208908,74.02,70.1,3.92,25.98
2209005,89.6,83.74,5.86,10.4
2209104,85.59,74.71,10.87,14.41
2209153,88.66,86.23,2.43,11.34
2209203,75.95,62.12,13.83,24.05
2209302,94,67.18,26.81,6
2209351,96.63,89.96,6.67,3.37
2209377,92.84,86.21,6.64,7.16
2209401,96.54,93.23,3.31,3.46
2209450,93.05,58.07,34.98,6.95
2209500,94.25,83.21,11.04,5.75
2209559,21.93,19.47,2.46,78.07
2209609,92.3,87.88,4.42,7.7
2209658,27.86,17.57,10.29,72.14
2209708,77.49,67.74,9.75,22.51
2209757,71.67,55.76,15.91,28.33
2209807,98.07,95.42,2.65,1.93
2209856,97.31,94.01,3.3,2.69
2209872,66.74,39.3,27.44,33.26
2209906,68.5,60.85,7.65,31.5
2209955,89.47,62.16,27.31,10.53
2209971,87,62.46,24.54,13
2210003,87.87,84.11,3.77,12.13
2210052,75.29,62.88,12.42,24.71
2210102,87.14,67.97,19.17,12.86
2210201,93.09,89.82,3.27,6.91
2210300,73.39,73.01,0.37,26.61
2210359,28.74,22.97,5.77,71.26
2210375,97.72,97.02,0.7,2.28
2210383,90.59,81.61,8.99,9.41
2210391,89.15,73.6,15.55,10.85
2210409,78.4,72.02,6.38,21.6
2210508,92.07,79.59,12.48,7.93
2210607,67.79,62.76,5.03,32.21
2210623,50.18,36.67,13.5,49.82
2210631,88.67,77.69,10.98,11.33
2210656,77.43,60.13,17.3,22.57
2210706,47.82,46.4,1.42,52.18
2210805,90.93,86.74,4.19,9.07
2210904,93.04,83.02,10.02,6.96
2210938,97.6,95.54,2.06,2.4
2210953,66.49,65.63,0.87,33.51
2210979,92.27,77.38,14.89,7.73
2211001,98.6,94.28,4.33,1.4
2211100,68.4,58.9,9.5,31.6
2211209,87.3,81.43,5.87,12.7
2211308,96.95,91.86,5.09,3.05
2211357,33.71,26.03,7.68,66.29
2211407,96.64,90.08,6.56,3.36
2211506,94.07,81.92,12.15,5.93
2211605,64.56,56.14,8.42,35.44
2211704,94.76,81.9,12.87,5.24
2300101,85.37,73.53,11.84,14.63
2300150,83.24,64.99,18.25,16.76
2300200,76.74,64.32,12.42,23.26
2300309,75.08,71.37,3.71,24.92
2300408,60.27,53.44,6.83,39.73
2300507,61.44,54.64,6.8,38.56
2300606,93.23,88.39,4.85,6.77
2300705,81,71.79,9.21,19
2300754,49.9,45.21,4.7,50.1
2300804,81.01,79.43,1.59,18.99
2300903,89.67,66.38,23.29,10.33
2301000,69.03,62.22,6.81,30.97
2301109,80.52,71.63,8.89,19.48
2301208,70.09,61.6,8.49,29.91
2301257,85.14,67.85,17.29,14.86
2301307,70.53,68.54,1.99,29.47
2301406,86.05,65.75,20.3,13.95
2301505,65.18,63.48,1.7,34.82
2301604,79.23,70.47,8.76,20.77
2301703,77.54,71.75,5.79,22.46
2301802,84.76,80.95,3.81,15.24
2301851,72.66,64.97,7.7,27.34
2301901,96.2,88.33,7.87,3.8
2301950,79.34,59.6,19.74,20.66
2302008,84.49,83.31,1.18,15.51
2302057,69.5,58.91,10.58,30.5
2302107,81.01,75.48,5.53,18.99
2302206,59.24,56.21,3.03,40.76
2302305,56.41,50.66,5.75,43.59
2302404,80.23,74.32,5.91,19.77
2302503,92.11,83.21,8.89,7.89
2302602,82.62,78.57,4.04,17.38
2302701,74.99,73.58,1.41,25.01
2302800,76.46,72.79,3.67,23.54
2302909,60.53,47.17,13.37,39.47
2303006,81.52,60.59,20.93,18.48
2303105,81.24,78.97,2.27,18.76
2303204,84.95,78.92,6.03,15.05
2303303,83.45,78.41,5.04,16.55
2303402,95.27,89.87,5.39,4.73
2303501,68.06,64.45,3.62,31.94
2303600,68.18,67.48,0.7,31.82
2303659,68.43,59.42,9.01,31.57
2303709,90.58,85.19,5.39,9.42
2303808,81.87,77.25,4.62,18.13
2303907,71.29,56.53,14.75,28.71
2303931,39.08,35.08,4,60.92
2303956,75.25,53.3,21.95,24.75
2304004,76.37,71.35,5.02,23.63
2304103,83.31,79.63,3.68,16.69
2304202,92.23,88.93,3.3,7.77
2304236,96.72,85.02,11.7,3.28
2304251,79.66,75.21,4.46,20.34
2304269,81.9,75.31,6.59,18.1
2304277,78.57,75.01,3.57,21.43
2304285,87.54,80.97,6.57,12.46
2304301,82.22,78.61,3.62,17.78
2304350,94.05,93.76,0.29,5.95
2304400,98.38,96.29,2.09,1.62
2304459,72.73,66.59,6.14,27.27
2304509,78.73,70.15,8.58,21.27
2304608,77.66,70.52,7.14,22.34
2304657,81.43,70.29,11.14,18.57
2304707,62.44,48.05,14.39,37.56
2304806,81.93,68.29,13.64,18.07
2304905,92.18,91.86,0.33,7.82
2304954,86,82.58,3.42,14
2305001,83.36,78.59,4.76,16.64
2305100,88.14,85.7,2.44,11.86
2305209,77.21,73.35,3.86,22.79
2305233,85.31,83.24,2.08,14.69
2305266,29.72,24.57,5.15,70.28
2305308,85.03,80.61,4.42,14.97
2305332,78.5,71.33,7.18,21.5
2305357,93.3,81.64,11.66,6.7
2305407,85.24,79.36,5.88,14.76
2305506,95.05,89.18,5.88,4.95
2305605,67.77,59.52,8.26,32.23
2305654,87.65,79.42,8.23,12.35
2305704,87.21,79.84,7.37,12.79
2305803,83.62,77.81,5.81,16.38
2305902,91.03,84.43,6.61,8.97
2306009,86.47,84.28,2.19,13.53
2306108,80.41,66,14.41,19.59
2306207,85.93,71.51,14.43,14.07
2306256,94.42,88.52,5.9,5.58
2306306,80.24,74.2,6.04,19.76
2306405,68,63.88,4.13,32
2306504,63.3,57.89,5.41,36.7
2306553,58.46,52.38,6.09,41.54
2306603,61.04,38.83,22.22,38.96
2306702,71.54,68.41,3.14,28.46
2306801,90.68,85.81,4.87,9.32
2306900,89,81.81,7.19,11
2307007,80,67.57,12.43,20
2307106,67.38,60.18,7.2,32.62
2307205,85.03,78.17,6.87,14.97
2307254,78.01,72.43,5.58,21.99
2307304,97.79,95.33,2.45,2.21
2307403,83.38,76.66,6.72,16.62
2307502,83.47,77.05,6.42,16.53
2307601,94.67,93.21,1.46,5.33
2307635,74.53,59.19,15.34,25.47
2307650,98.2,96.38,1.83,1.8
2307700,88.61,84.32,4.29,11.39
2307809,84.69,75.12,9.56,15.31
2307908,81.25,74.52,6.73,18.75
2308005,78.74,74.79,3.95,21.26
2308104,84.24,70.89,13.35,15.76
2308203,71.18,67.41,3.77,28.82
2308302,83.23,71.67,11.55,16.77
2308351,85.91,83.31,2.59,14.09
2308377,69.13,59.65,9.48,30.87
2308401,84.97,75.02,9.95,15.03
2308500,71.77,67.59,4.18,28.23
2308609,74.59,69.25,5.33,25.41
2308708,83.09,79.2,3.89,16.91
2308807,76.4,74.4,2,23.6
2308906,81.45,75.24,6.21,18.55
2309003,77.9,75.01,2.89,22.1
2309102,76.3,67.39,8.91,23.7
2309201,80.79,71.7,9.09,19.21
2309300,89.77,88.19,1.57,10.23
2309409,81.02,75.88,5.15,18.98
2309458,53.08,46.06,7.03,46.92
2309508,92.26,86.11,6.14,7.74
2309607,78.57,73.69,4.88,21.43
2309706,97.85,94.36,3.5,2.15
2309805,86,75.79,10.22,14
2309904,92.02,85.67,6.35,7.98
2310001,76.25,60.69,15.56,23.75
2310100,64.16,54.02,10.14,35.84
2310209,74.07,66.17,7.9,25.93
2310258,75.78,66.28,9.5,24.22
2310308,65.74,60.4,5.34,34.26
2310407,71.46,62.23,9.23,28.54
2310506,72.78,69.21,3.57,27.22
2310605,91.06,87.39,3.67,8.94
2310704,80.88,69.18,11.71,19.12
2310803,76.77,67.61,9.16,23.23
2310852,66.45,62.79,3.66,33.55
2310902,75.86,72.77,3.09,24.14
2310951,76.47,64.37,12.1,23.53
2311009,86.9,69.81,17.09,13.1
2311108,75.96,69.3,6.66,24.04
2311207,79.45,77.12,2.33,20.55
2311231,60.59,58.81,1.77,39.41
2311264,71.94,66.51,5.44,28.06
2311306,76.78,71.98,4.8,23.22
2311355,93.57,76.7,16.87,6.43
2311405,88.94,82.75,6.19,11.06
2311504,93.74,89.59,4.15,6.26
2311603,80.36,69.47,10.89,19.64
2311702,82.96,76.46,6.5,17.04
2311801,87.36,82.24,5.12,12.64
2311900,66.77,64.53,2.23,33.23
2311959,31.53,28.85,2.68,68.47
2312007,68.53,64.44,4.09,31.47
2312106,63.74,55.77,7.97,36.26
2312205,69.15,65.59,3.56,30.85
2312304,88.01,84.3,3.72,11.99
2312403,77.95,65.03,12.91,22.05
2312502,96.28,94.13,2.16,3.72
2312601,89.12,66.58,22.54,10.88
2312700,81.53,78.29,3.24,18.47
2312809,80.73,71.38,9.36,19.27
2312908,95.4,91.82,3.58,4.6
2313005,88.91,87.02,1.89,11.09
2313104,92.04,87.18,4.86,7.96
2313203,74.96,70.37,4.59,25.04
2313252,83.5,78.86,4.65,16.5
2313302,83.97,76.58,7.39,16.03
2313351,67.45,49.29,18.16,32.55
2313401,88.83,83.2,5.63,11.17
2313500,46.38,39.37,7.01,53.62
2313559,77.52,68.18,9.33,22.48
2313609,84.45,76.67,7.78,15.55
2313708,76,74.74,1.26,24
2313757,85.95,66.62,19.33,14.05
2313807,91.36,85.38,5.97,8.64
2313906,79.03,71.09,7.94,20.97
2313955,91.2,85.87,5.33,8.8
2314003,90.99,86.38,4.61,9.01
2314102,60.88,52.21,8.67,39.12
2400109,96.62,96.62,0,3.38
2400208,94.42,84.8,9.62,5.58
2400307,87.13,71.74,15.4,12.87
2400406,92.75,92.41,0.35,7.25
2400505,83.62,75.56,8.06,16.38
2400604,85.38,72.81,12.56,14.62
2400703,96.84,95.77,1.07,3.16
2400802,91.31,84.35,6.97,8.69
2400901,83.54,70.13,13.4,16.46
2401008,88.35,85.51,2.85,11.65
2401107,91.74,89.44,2.3,8.26
2401206,95.47,87.55,7.91,4.53
2401305,60.22,53.92,6.3,39.78
2401404,97.86,96.49,1.36,2.14
2401453,87.67,74.58,13.08,12.33
2401503,81.91,76.46,5.46,18.09
2401602,75.21,69.47,5.74,24.79
2401651,76.24,73.86,2.39,23.76
2401701,88.78,81.67,7.11,11.22
2401800,91.08,83.75,7.33,8.92
2401859,83.86,82.67,1.19,16.14
2401909,88.9,87.86,1.04,11.1
2402006,97.59,95.75,1.84,2.41
2402105,59.28,58.4,0.89,40.72
2402204,95.8,81.33,14.47,4.2
2402303,81.63,69.58,12.05,18.37
2402402,88.2,87.21,0.99,11.8
2402501,90.93,61.02,29.91,9.07
2402600,92.85,82.95,9.89,7.15
2402709,72.45,65.79,6.66,27.55
2402808,53.22,52.65,0.57,46.78
2402907,91.77,80.44,11.33,8.23
2403004,92.7,92.7,0,7.3
2403103,92.63,92.17,0.46,7.37
2403202,91.17,70.33,20.84,8.83
2403251,99.48,98.97,0.52,0.52
2403301,90.34,74.34,16,9.66
2403400,82.72,82.46,0.25,17.28
2403509,86.39,83.03,3.37,13.61
2403608,96.04,91.34,4.71,3.96
2403707,79.33,66.74,12.6,20.67
2403756,80.15,79.23,0.92,19.85
2403806,86.03,83.54,2.49,13.97
2403905,77.15,71.43,5.72,22.85
2404002,94.07,89.34,4.73,5.93
2404101,71.29,64.28,7.01,28.71
2404200,97.21,92.85,4.36,2.79
2404309,63.32,56.57,6.75,36.68
2404408,88.77,81.83,6.94,11.23
2404507,89.32,57.26,32.06,10.68
2404606,51.67,43.51,8.16,48.33
2404705,92.46,84.37,8.09,7.54
2404804,95.64,95.12,0.52,4.36
2404853,91.51,86.25,5.26,8.49
2404903,91.78,89.01,2.77,8.22
2405009,50.26,49.91,0.35,49.74
2405108,89.15,60.43,28.73,10.85
2405207,78.52,73.36,5.16,21.48
2405306,77.93,64.03,13.9,22.07
2405405,59.89,50.81,9.09,40.11
2405504,45.72,41.17,4.55,54.28
2405603,92.46,90.75,1.71,7.54
2405702,95.11,93.57,1.54,4.89
2405801,82.21,72.44,9.77,17.79
2405900,75.02,74.83,0.19,24.98
2406007,95.26,91.93,3.33,4.74
2406106,89.69,88.18,1.51,10.31
2406155,88.49,77.29,11.2,11.51
2406205,88.51,82.5,6.01,11.49
2406304,85.87,71.56,14.31,14.13
2406403,86.63,85.25,1.39,13.37
2406502,88.27,81.42,6.85,11.73
2406601,87.26,82.41,4.85,12.74
2406700,78.07,75.35,2.72,21.93
2406809,68.67,63.25,5.42,31.33
2406908,94.46,91.35,3.11,5.54
2407005,86.29,76.97,9.32,13.71
2407104,89.42,83.09,6.32,10.58
2407203,91.33,90.84,0.49,8.67
2407252,100,98.04,1.96,0
2407302,90.51,87.11,3.4,9.49
2407401,81.84,79.22,2.62,18.16
2407500,96.78,89.76,7.02,3.22
2407609,81.17,64.44,16.73,18.83
2407708,93.99,86.35,7.65,6.01
2407807,94.78,87.81,6.96,5.22
2407906,72.67,67.19,5.47,27.33
2408003,95.15,92.13,3.02,4.85
2408102,99.62,98.15,1.47,0.38
2408201,92.39,88.53,3.86,7.61
2408300,82.11,77.32,4.79,17.89
2408409,70.73,65.06,5.68,29.27
2408508,94.54,94.34,0.2,5.46
2408607,92.13,89.59,2.54,7.87
2408706,85.13,60.55,24.58,14.87
2408805,86.07,45.3,40.77,13.93
2408904,96.08,92.67,3.41,3.92
2408953,96.05,94,2.06,3.95
2409100,87.69,81.38,6.31,12.31
2409209,75.47,73.13,2.34,24.53
2409308,78.05,69.5,8.55,21.95
2409332,74.31,62.91,11.4,25.69
2409407,98.36,97.76,0.6,1.64
2409506,65.17,53.74,11.44,34.83
2409605,43.77,43.22,0.54,56.23
2409704,78.33,68.07,10.26,21.67
2409803,92.4,82.57,9.83,7.6
2409902,94.89,93.72,1.17,5.11
2410009,91.89,90.51,1.38,8.11
2410108,90.35,76.15,14.2,9.65
2410207,75.8,60.94,14.86,24.2
2410256,64.2,57.39,6.81,35.8
2410306,83.68,79.63,4.06,16.32
2410405,87.76,74.85,12.92,12.24
2410504,95.74,95.36,0.38,4.26
2410603,81.34,62.99,18.35,18.66
2410702,88.78,80.52,8.26,11.22
2410801,96.75,90.35,6.39,3.25
2410900,82.71,81.48,1.23,17.29
2411007,86.63,84.04,2.59,13.37
2411056,90.86,78.95,11.91,9.14
2411106,61.66,60.78,0.88,38.34
2411205,86.94,86.23,0.71,13.06
2411403,70.16,66.92,3.24,29.84
2411429,94.36,92.11,2.25,5.64
2411502,83.8,76.84,6.96,16.2
2411601,88.84,80,8.84,11.16
2411700,67.13,66.62,0.52,32.87
2411809,92.36,86.92,5.44,7.64
2411908,90.71,89.56,1.15,9.29
2412005,95.01,92.16,2.85,4.99
2412104,90.78,86.1,4.69,9.22
2412203,90.89,81.86,9.03,9.11
2412302,84.8,83.74,1.06,15.2
2412401,96.7,96.15,0.55,3.3
2412500,93.86,80.4,13.47,6.14
2412559,92.38,74.43,17.95,7.62
2412609,85.23,82.91,2.32,14.77
2412708,65.08,63.69,1.38,34.92
2412807,85.5,78.32,7.19,14.5
2412906,64.08,62.19,1.89,35.92
2413003,96.7,94.56,2.14,3.3
2413102,83.48,76.48,7,16.52
2413201,95.7,84.04,11.66,4.3
2413300,68.87,58.06,10.81,31.13
2413359,85.01,51.47,33.54,14.99
2413409,86.46,84.11,2.35,13.54
2413508,62.5,50.47,12.03,37.5
2413557,93.62,91.12,2.5,6.38
2413607,78.06,73.72,4.35,21.94
2413706,72.22,62.1,10.12,27.78
2413805,63.92,63.56,0.36,36.08
2413904,73.17,63.85,9.32,26.83
2414001,89.6,87.67,1.93,10.4
2414100,79.41,78.4,1.01,20.59
2414159,94.43,81.98,12.44,5.57
2414209,98.61,92.41,6.19,1.39
2414308,95.93,94.7,1.24,4.07
2414407,86.28,75.63,10.65,13.72
2414456,75.35,65.39,9.96,24.65
2414506,87.08,82.1,4.97,12.92
2414605,81.89,71,10.9,18.11
2414704,90.88,90.27,0.61,9.12
2414753,94.9,74.33,20.57,5.1
2414803,94.94,90.33,4.61,5.06
2414902,90.02,82.02,8,9.98
2415008,99.59,82.86,16.73,0.41
2500106,67.36,59.38,7.98,32.64
2500205,67.13,61.75,5.38,32.87
2500304,80.82,79.84,0.98,19.18
2500403,63.32,61.96,1.37,36.68
2500502,83.17,78.35,4.81,16.83
2500536,30.04,29.29,0.76,69.96
2500577,32.93,32.66,0.26,67.07
2500601,92.58,87.7,4.88,7.42
2500700,84.36,80.26,4.1,15.64
2500734,66.7,66.7,0,33.3
2500775,83.47,79.97,3.49,16.53
2500809,66.07,63.63,2.44,33.93
2500908,75.25,72.15,3.1,24.75
2501005,62.64,55.31,7.33,37.36
2501104,76.59,71.34,5.25,23.41
2501153,66.48,58.99,7.49,33.52
2501203,71.52,71.33,0.19,28.48
2501302,44.65,41.85,2.8,55.35
2501351,24.33,21.57,2.76,75.67
