"city_code","pop.1rooms","pop.2rooms","pop.3rooms","pop.4rooms","pop.5rooms","pop.6rooms","pop.7rooms","pop.8rooms","pop.9rooms","pop.10plusrooms","pop.room.avg"
1100015,1.04,1.95,10.03,17.23,25.06,23.59,10.71,4.8,2.78,2.82,5.3738
1100023,0.8,4.96,12.08,18.37,28.69,17.06,8.78,4.85,1.84,2.57,5.0877
1100031,0.34,1.59,3.79,13.82,30.3,26.89,13.12,7.13,1.22,1.8,5.6087
1100049,0.48,3.32,7.58,14.3,27.79,21.66,12.54,6.56,2.55,3.23,5.5148
1100056,0.38,0.99,3.71,13.59,30.99,26.24,12.76,4.84,2.85,3.64,5.7033
1100064,0.34,1.81,3.63,12.22,28.58,26.57,13.43,7.23,3.48,2.71,5.7632
1100072,0,2.45,6.7,15.64,26.66,21.72,16.37,5.52,2.63,2.33,5.569
1100080,1.88,5.67,10.68,23.87,26.82,17.55,8.41,2.82,0.83,1.5,4.8404
1100098,0.35,3.73,6.28,15.61,30.87,20.96,12.75,5.54,2.45,1.46,5.3942
1100106,5,10.79,11.05,17.85,21.08,16.26,8.56,5.02,1.39,2.98,4.7648
1100114,0.27,2.05,6.22,15.35,30.77,21.43,13.54,5.66,2.34,2.37,5.5168
1100122,0.65,3.33,7.69,15.33,30.2,20.95,10.69,5.28,2.8,3.09,5.4157
1100130,1.59,5.47,11.7,21.99,30.32,17.09,5.88,3.04,1.29,1.63,4.8312
1100148,0.84,3.37,6.04,17.67,29.74,24.01,11.21,4.11,1.48,1.53,5.2911
1100155,0.14,1.99,4.75,12.7,27.57,25.91,12.88,7.09,3.72,3.24,5.7524
1100189,0.21,2.67,5.91,15.72,28.96,23.95,10.75,6.67,2.39,2.75,5.5228
1100205,2.33,8.33,12.84,16.49,24.66,14.82,8.99,5.53,2.69,3.31,5.0017
1100254,0.91,1.86,3.92,15.54,29.04,24.62,13.83,5.7,2.43,2.13,5.5705
1100262,2.19,2.33,7.95,25.1,34.75,17.58,6.37,2.24,0.76,0.71,4.8678
1100288,0.47,2.63,6.6,13.27,33.81,20.77,10.67,6.67,2.81,2.3,5.4862
1100296,0.15,1.24,4.37,14.7,27.22,29.46,13,5.55,1.92,2.4,5.6408
1100304,0.33,3.61,10.32,14.72,26.76,18.91,11.42,6,3.85,4.08,5.4804
1100320,1.59,3.47,7.32,16.32,26.99,23.82,13.13,4.22,1.9,1.24,5.2881
1100338,2.44,5.7,9.39,26.41,28.4,14.64,9.27,1.7,0.97,1.09,4.7561
1100346,1.09,1.59,6.65,20.12,31.42,23,9.71,3.86,1.51,1.06,5.2284
1100379,1.04,3.22,6.95,18.96,29.96,20.79,11.69,3.7,2.36,1.34,5.2478
1100403,1.44,4.3,9.1,16.99,26.85,25.05,8.12,4.89,1.89,1.37,5.1652
1100452,1.22,4,9.84,21.16,29.8,22.69,7.45,2.66,0.48,0.7,4.9327
1100502,0.08,2.93,6.03,14.76,32.35,24.6,10.46,5.7,1.75,1.35,5.4049
1100601,1.43,2.8,8.13,19.07,29.8,23.36,10.23,3.31,0.98,0.9,5.1277
1100700,1.47,5.24,11.42,24.7,29.33,14,8.79,3.25,1.04,0.76,4.8015
1100809,4.13,11.77,12.05,18.94,25.89,15.52,6.03,3.44,1.16,1.06,4.5292
1100908,0.54,2.87,4.44,14.88,27.91,23.74,15.59,5.44,3.12,1.47,5.5654
1100924,1.1,4.9,9.65,22.21,29.13,19.43,7.75,4.6,0.78,0.45,4.9349
1100940,3.82,8.73,12.76,22.91,28.84,13.25,5.35,2.82,0.86,0.66,4.4925
1101005,0.88,2.92,9.01,16.93,25.45,22.58,11.89,5.38,3.05,1.9,5.3692
1101104,2.29,6.54,9.99,23.21,27.64,17.1,7.15,2.51,2.22,1.35,4.8259
1101203,0.35,1.47,3.05,14.88,32.82,25.66,12.3,5.87,1.79,1.8,5.5719
1101302,0.6,3.23,5.05,16.56,28.05,26.64,12.67,4.34,1.68,1.18,5.3887
1101401,1.9,3.85,8.56,21.14,30.64,17.23,9.65,3.5,1.67,1.85,5.055
1101435,0.58,2.47,6.48,16.96,25.64,22.04,13.73,7.53,2.65,1.92,5.5264
1101450,0.97,2.06,7.18,16.9,33.22,24,7.75,5.86,1.48,0.57,5.2448
1101468,1.69,5.47,6.12,18.78,28.71,21.59,11.91,4.15,0.85,0.72,5.1062
1101476,0.42,2.31,5.44,15.55,30.94,23.9,12.45,5.91,2.17,0.91,5.4472
1101484,0.33,1.77,4.1,14.69,29.5,26.29,15.73,4.61,2.16,0.82,5.548
1101492,0.65,4.5,7.17,19.44,28.39,24.21,9.64,3.59,1.6,0.82,5.1493
1101500,0.39,3.47,11.23,18.54,30.63,20.21,8.94,3.99,0.94,1.67,5.0925
1101559,0.59,2,4.5,11.2,30.28,24.15,15.28,7.34,3.06,1.61,5.6851
1101609,0.37,2.47,4.51,21.29,33.03,18.71,12.06,5.1,1.26,1.21,5.3007
1101708,1.32,2.32,6.81,12.93,29.24,25.11,14.46,3.93,2.59,1.29,5.4384
1101757,1.27,3.58,8.74,22.73,28.67,20.88,8.73,3.3,1.42,0.69,5.0139
1101807,0.86,1.86,4.79,10.57,27.2,27.77,16.32,7.64,1.76,1.23,5.6735
1200013,5.12,8.09,9.68,25.75,25.53,13.3,6.82,3.65,1.39,0.67,4.5694
1200054,7.66,10.92,13.66,21.03,24.91,11.71,6.67,1.17,1.23,1.04,4.2693
1200104,5.65,9.58,10.71,25.08,28.22,10.1,6.24,2.05,1.23,1.15,4.4161
1200138,9.75,11.7,16.35,26.11,22.62,8.25,3.24,1.25,0.56,0.18,3.8876
1200179,5.11,10.68,13.66,28.63,23.96,9.18,4.48,2.36,1.38,0.56,4.2511
1200203,5.44,6.48,15.45,23.1,23.84,14.01,6.17,2.83,1.28,1.4,4.5176
1200252,4.74,9.23,13.53,26.82,24.02,11.73,4.69,3.54,0.87,0.82,4.3873
1200302,7.59,13.55,23.72,20.47,14.97,11.21,4.02,2.02,1.39,1.06,3.9725
1200328,17.31,28.09,24.06,16.48,7.45,4.36,1.45,0.55,0,0.25,2.9205
1200336,4.34,9.62,18.27,30.64,18.43,11,4.39,1.34,0.87,1.11,4.1948
1200344,12.74,7.63,19.49,22.82,19.62,9.31,3.61,2.92,1.07,0.79,3.9787
1200351,4.41,9.7,20.09,25.17,21.79,11.74,3.52,2.73,0.55,0.29,4.1848
1200385,6.4,10.29,14.75,27.59,20.53,12.3,4.44,1.88,1.41,0.4,4.2085
1200393,4.59,12.62,26.17,25.76,17.98,8.32,3.46,0.29,0.8,0,3.8494
1200401,6.84,10.85,12.55,19.49,21.94,12.81,7.28,4.14,1.78,2.32,4.5401
1200427,7.67,12.49,23.43,26.51,18.27,6.33,2.52,1.49,0.71,0.56,3.7986
1200435,17.09,8.47,23.86,20.33,15.05,5.77,4.36,3.86,0.12,1.08,3.7008
1200450,8.59,11.07,13.66,22.95,23.58,11.51,3.3,2.97,1.3,1.07,4.1973
1200500,7.21,12.41,19.96,24.55,18.05,9.12,4.29,2.79,0.84,0.77,4.0269
1200609,8.8,14.03,21.66,24.16,17.95,7.12,3.97,1.48,0.46,0.38,3.7852
1200708,6.51,9.89,16.03,26.54,21.82,10.42,5.02,2,0.95,0.82,4.2005
1200807,7.75,9.16,15,30.32,24.93,7.45,2.22,2.25,0.13,0.78,4.0421
1300029,3.85,15.75,23.09,18.23,20.38,12.83,3.35,1.61,0.91,0,4.0094
1300060,12.83,7.96,10.64,22.01,20.71,13.85,6.99,2.45,1.83,0.73,4.2766
1300086,1.79,9.26,16.38,21.22,20.45,13.8,5.99,7.71,0.43,2.98,4.7666
1300102,2.35,6.01,21.07,20.31,18.73,16.77,6.16,3.88,1.96,2.76,4.7249
1300144,1.59,6.62,11.67,25.5,30.9,15.88,4.82,1.88,0.74,0.41,4.6116
1300201,12.33,16.39,17.86,20.03,15.07,10.37,4.87,1.66,0.59,0.84,3.7746
1300300,6.39,19.17,20.97,22.15,15.21,7.97,3.58,2.4,1.23,0.93,3.8474
1300409,34.19,11.16,12.33,14.54,10.96,6.7,5.29,3.13,0.84,0.86,3.2489
1300508,8.14,28.52,23.57,17.24,12.87,5.01,2.68,0.54,0.5,0.93,3.3614
1300607,6.79,14.74,15.4,21.27,19.86,14.26,4.34,1.97,0.68,0.7,4.1167
1300631,7.81,14.12,26.42,22.76,14.87,8.57,3.6,0.67,0.39,0.8,3.7419
1300680,2.81,21.19,26.57,20.45,16.97,7.68,2.28,0.41,0.94,0.69,3.7223
1300706,4.98,13.3,20.25,22.64,20.59,10.19,3.89,2.42,0.49,1.25,4.1048
1300805,5.27,11.62,31.18,20.21,15.15,7.14,5.13,1.92,0.87,1.52,3.9578
1300839,2.48,4.66,25.18,27.48,17.49,11.11,4.63,4.67,1.12,1.19,4.4312
1300904,1.65,5.47,18.16,21.3,24.7,12.85,9.19,4.15,1.19,1.34,4.7451
1301001,5,8.3,14.21,22.21,22.71,12.65,8.19,3.54,1.79,1.4,4.5828
1301100,4.64,10.59,29.24,24.1,18.73,7.41,2.45,1.66,0.59,0.6,3.8979
1301159,3.85,11.94,33.66,25.18,13.2,6.18,3.88,0.71,0.89,0.52,3.7856
1301209,3.76,12.87,18.22,23.79,19.83,11.03,5.18,2.99,1.25,1.07,4.2678
1301308,2.01,5.1,29.82,22.22,17.25,12.49,5.74,3.08,0.84,1.45,4.3862
1301407,8.58,9.21,17.23,19.91,18.27,11.45,7.86,4.59,1.72,1.19,4.375
1301506,5.87,10.48,21.19,21.15,18.02,10.22,7.43,2.73,1.6,1.32,4.2787
1301605,12.24,13.05,16.44,17.96,16.92,12.7,5.59,3.45,1.28,0.38,4.0235
1301654,3.85,6.08,19.87,32.76,20.05,9.95,3.91,1.84,0.59,1.1,4.2501
1301704,4.75,8.69,15.32,21.02,23.14,12.46,8.09,3.1,1.97,1.45,4.5629
1301803,3.91,8.16,18.06,24.89,21.05,13.5,5.63,3.13,0.7,0.96,4.4057
1301852,7.89,15.2,25.4,21.64,15.21,6.89,3.86,2.23,0.85,0.83,3.7925
1301902,5.5,12.99,17.66,20.91,19.68,11.36,6.1,3.19,1.11,1.51,4.2797
1301951,2.55,13.48,22.6,15.66,27.71,10.63,4.55,2.07,0.36,0.41,4.1803
1302009,6.04,7.97,18.76,18.9,28.96,9.84,4.39,3.7,0.75,0.69,4.3168
1302108,10.56,7.73,19.21,25.44,18.04,9.13,5.78,3.13,0.45,0.55,4.0544
1302207,5.16,10.57,11.41,23.14,22.34,13.67,9.09,3.08,0.81,0.74,4.4977
1302306,9.84,15.91,23.36,19.07,15.5,10.95,3.22,0.99,0.47,0.69,3.7281
1302405,6.68,12.45,20.57,19.87,19.69,10.73,4.95,2.21,1.65,1.18,4.1458
1302504,4.67,10.35,21.18,22.92,18.82,10.49,6.03,2.7,1.54,1.29,4.282
1302553,4.88,8.89,30.41,27.36,19.17,4.14,1.89,2.44,0.41,0.42,3.8466
1302603,2.51,10.26,16.42,20.2,21.06,12.89,7.14,4.39,2.01,3.12,4.7012
1302702,6.53,12.63,18.81,20.92,20.34,11.38,5.73,2.34,0.7,0.61,4.1311
1302801,9.72,22.18,28.92,16.47,11.79,4.61,2.91,2.5,0.16,0.75,3.4264
1302900,8.47,20.83,21.86,19.38,15.09,5.77,4.07,1.98,1.54,1.02,3.7169
1303007,10.17,28.29,26.43,13.83,9.08,4.75,3.87,2.43,0.55,0.59,3.3264
1303106,10.55,16.61,22.59,21.27,14.7,7.31,3.63,1.42,1.07,0.86,3.6898
1303205,14.98,18.21,17.88,14.33,14.1,10.65,3.89,3.4,1.04,1.52,3.7575
1303304,5.92,11.94,22.17,24.5,16.81,9.76,4.7,2.49,1.09,0.61,4.0565
1303403,6.86,14.96,23.2,16.82,13.92,9.97,6.3,3.63,1.85,2.47,4.1757
1303502,5.72,12.53,27.91,20.17,15.22,11.03,3.83,2.67,0.58,0.35,3.9436
1303536,5.67,13.15,19.03,18.25,19.58,12.72,4.02,3.13,3.23,1.23,4.3083
1303569,3.45,8.29,18.03,21.74,24.58,14.42,4.72,2.98,0.91,0.88,4.4437
1303601,38.2,10.87,14.01,13.28,12.58,5.8,2.61,1.14,0.12,1.39,2.9516
1303700,11.05,12.14,23.49,21.81,15.9,10.22,2.81,1.4,0.24,0.93,3.7619
1303809,12.94,25.62,19.37,15.9,12.96,8.29,2.57,0.81,0.77,0.76,3.3943
1303908,7.53,20.96,25.79,16.58,16.5,5.92,4.28,0.96,0.89,0.58,3.6261
1303957,5.88,11.72,27.83,19.58,16.02,9.96,4.23,2.99,1.35,0.46,4.0127
1304005,13.69,17.31,24.24,17.16,11.3,6.98,4.41,1.91,1.1,1.9,3.631
1304062,7.08,14.95,15.65,20.93,15.94,11.9,7.05,3.99,1.12,1.39,4.24
1304104,7.1,14.47,16.22,17.91,18.47,11.78,6.43,4.09,2.49,1.04,4.2991
1304203,5.48,9.13,20.78,19.5,20.16,10.86,6.88,2.48,2.65,2.08,4.4269
1304237,10.32,18.5,23.13,17.49,14.24,8.79,3.97,2.22,1.34,0,3.6822
1304260,9.62,15.72,31.45,18.5,12.59,6.54,3.68,0.32,0.64,0.94,3.5508
1304302,5.63,13.15,16.91,20.98,18.23,12.41,7.04,2.7,1.03,1.93,4.3164
1304401,9.56,19.05,24.36,16.39,16.11,6.17,4.88,2.41,0.34,0.75,3.6787
1400027,17.43,35.33,14.9,15.67,9.08,5.06,1.3,0.63,0,0.6,2.9137
1400050,32.06,9.67,13.19,17.8,13.58,6.81,3.22,1.89,0.85,0.91,3.2534
1400100,2.44,9.67,15.55,17.06,22.25,13.75,8.26,5.45,2.53,3.04,4.8501
1400159,13.75,23.28,17.44,24.66,10.46,4.38,2.42,0.64,1.09,1.87,3.4042
1400175,6.75,18.57,20.47,27.9,14.19,5.94,2.79,2.06,0.77,0.55,3.7193
1400209,7.38,12.28,21.07,21.82,16.62,10.93,4.75,2.42,1.12,1.61,4.099
1400233,3.81,7.21,11.25,31.69,21.96,14.12,6.14,2.5,0.93,0.39,4.4851
1400282,15.89,7.28,16.13,26.12,17.28,10.29,3.83,1.9,1.2,0.08,3.8507
1400308,5.87,11.05,14.49,23.5,19.56,10.39,8.11,3.97,1.33,1.73,4.4338
1400407,21.24,29.08,20.82,10.8,9,5.24,2.97,0.68,0.18,0,2.8935
1400456,13.89,25.96,16.77,15.76,14.05,6.69,3.47,2.92,0.21,0.29,3.4199
1400472,4.89,11.89,15.54,24.79,20.19,13.2,5.22,2.56,0.54,1.18,4.2828
1400506,3.86,10.01,8.29,21.95,23.19,17.09,8.22,4.19,2.21,0.97,4.7569
1400605,0.67,7.67,12.45,20.61,25.46,15.38,6.84,5.53,2.51,2.87,4.9879
1400704,40.62,33.8,14.21,7.91,1.48,1.34,0.29,0,0,0.35,2.0346
1500107,6.9,16.32,23.59,19.39,14.22,10.11,4.06,2.43,1.32,1.66,3.9597
1500131,1.9,3.1,9.45,25.05,26.48,17.22,9.65,3.51,1.82,1.82,5.0258
1500206,6.88,15.71,32.65,22.73,11.31,6.61,2.12,1.35,0.37,0.25,3.5485
1500305,10.79,17.47,27.23,18.82,13.02,7.05,3.13,1.48,0.47,0.54,3.5348
1500347,0.45,2.78,4.95,19.7,36.82,21.56,8.06,2.44,0.69,2.55,5.2077
1500404,6.74,14.43,23.25,23.26,14.59,9.83,4.08,2.06,1.2,0.57,3.9186
1500503,9.05,11.72,13.79,12.76,18.36,20.68,5.36,3.58,3.01,1.67,4.5073
1500602,4.37,6.49,11.15,21.9,23.72,16.09,7.71,4.37,1.92,2.27,4.8245
1500701,6.45,11.88,35.16,23.51,13.68,6.53,1.27,0.6,0.25,0.65,3.5975
1500800,2.72,9.47,15.53,17.84,22.96,14.07,8.06,4.63,2.02,2.69,4.7737
1500859,5.15,9.63,11.42,33.37,19.35,11.49,5.71,1.9,1.07,0.92,4.3184
1500909,4.36,8.81,20.32,27.29,17.94,12.71,4.5,1.81,1.45,0.8,4.2509
1500958,2.18,9.38,16.47,29.62,22.18,12.14,3.84,2.35,0.74,1.11,4.3601
1501006,7.59,16.72,19.66,28.26,16.69,6.87,2.25,0.49,1.1,0.37,3.7099
1501105,18.05,26.42,31.37,10.3,5.02,3.56,4.14,0.83,0.31,0,2.9107
1501204,3.07,7.68,21.82,23.08,21.09,13.09,5.49,2.67,1.05,0.97,4.3914
1501253,1.6,4.08,9.44,18.68,24.63,17,10.51,7.09,3.65,3.31,5.3419
1501303,4.96,12.54,20.1,17.24,17.15,11.36,7.21,4.91,2.56,1.97,4.457
1501402,2.78,9.38,14.11,18.36,19.25,13.61,8.53,5.5,3.38,5.11,5.0045
1501451,3.18,8.49,15.42,28.22,22.53,12.56,5.99,2.23,0.94,0.45,4.4004
1501501,4.66,13.51,16.88,19.55,19.61,11.84,7.01,4.09,1.39,1.48,4.3871
1501576,3.46,7.9,7.69,23.67,20.29,16.24,8.82,6.49,2.84,2.59,5.0102
1501600,2.8,8.05,19.97,26.79,18.1,13.66,5.05,3.95,0.72,0.93,4.4116
1501709,2.74,6.3,16.78,21.91,20.75,14.98,8.16,4.59,1.79,2.01,4.77
1501725,1.69,7.37,11.46,23.25,25.38,13.51,9.35,4.12,2.78,1.09,4.861
1501758,1.16,1.79,5.94,28.31,19.13,21.23,12.08,4.57,3.23,2.56,5.3462
1501782,1.81,7.82,11.05,26.29,24.72,15.97,6.64,3.45,1.08,1.17,4.7068
1501808,11.95,15.2,30.15,17.96,12.25,6.38,3.03,1.67,0.74,0.66,3.52
1501907,3.67,12.83,26.34,26.61,18.39,7.62,1.98,1.51,0.26,0.8,3.8874
1501956,3.44,6.98,16.73,45.36,16.53,7.71,2.04,0.59,0.12,0.5,4.0302
1502004,2.41,15.07,24.41,23.81,18.73,8.62,3.18,1.7,1.43,0.64,4.0152
1502103,5.03,14.31,31.95,20.75,13.47,6.43,4.05,1.91,0.92,1.18,3.8214
1502152,2.56,9.56,10.95,17.87,21.28,17.37,10.63,4.73,1.87,3.18,4.9751
1502202,3.26,5.5,11.59,17.98,22.97,15.32,12.01,6.59,2.41,2.36,5.098
1502301,1.46,4.34,18.88,26.17,19.94,15.73,6.22,4.66,1.35,1.24,4.7091
1502400,2.53,7.97,12.82,17.27,22.7,16.24,9.66,5.5,2.62,2.69,4.9905
1502509,9.51,20.64,33.82,17.85,9.42,4.41,2.38,0.96,0,1.02,3.3175
1502608,5.84,12.26,22.42,20.51,19.88,11.23,5.8,0.91,0.81,0.34,4.0501
1502707,0.92,4.17,6.83,17.63,22.87,19.26,13.85,7.35,3.56,3.55,5.5347
1502756,2.98,10.55,21.77,25.35,20.31,10.38,4.82,2.88,0.41,0.55,4.2059
1502764,7.58,6.13,11.38,25.97,21.38,14.47,7.62,2.26,1.48,1.74,4.5372
1502772,1.04,5.78,12.81,20.66,25,18.3,7.43,3.9,2.83,2.25,4.9965
1502806,8.74,20.05,32.35,18.52,11.7,4.03,2.46,1.36,0.42,0.36,3.3813
1502855,7.05,16.88,33.57,21.62,12.47,4.3,2.74,0.7,0.46,0.22,3.4727
1502905,3.14,7.7,15.34,24.25,24.52,13.37,6.75,3.04,1.03,0.87,4.5392
1502939,1.45,5.03,7.11,26.37,22.47,20.96,8.19,4.5,1.92,2.01,5.0714
1502954,2.33,3.59,8.18,29.12,25.77,16.48,7.85,3.4,1.81,1.46,4.913
1503002,4.96,15.39,26.67,20.87,14.27,8.32,5.57,2.4,0,1.55,3.9419
1503044,1.05,7.27,7.09,27.59,25.79,15.61,7.26,4.64,2.24,1.47,4.9263
1503077,2.32,6.49,16.71,32.08,17.61,13.79,4.64,3.95,1,1.42,4.5182
1503093,1.66,7,7.89,25.21,26.36,17.82,7.45,3.94,1.62,1.05,4.8764
1503101,4.8,12.82,26.66,20.37,17.87,10.48,3.95,1.18,1.19,0.67,3.9863
1503200,3.31,9.2,18.28,21.28,18.79,14.15,7.46,3.82,2.22,1.48,4.5808
1503309,7.75,19.83,29.2,18.81,10.8,7.06,3.38,1.89,0.74,0.53,3.5735
1503408,6.29,10.89,20.49,24.99,17.45,8.51,5.43,3.31,1.36,1.28,4.1734
1503457,2.04,4.87,10.28,39.58,20.94,14.07,3.41,3.14,0.94,0.74,4.5491
1503507,3.25,11.1,19.18,25.71,20.87,10.67,4.45,2.43,1.14,1.2,4.2705
1503606,1.9,7.22,11.86,23.82,22.47,16.08,8.92,3.78,1.54,2.41,4.8667
1503705,1.52,5.08,8.22,34.86,21.61,17.62,6.08,2.69,1.41,0.91,4.7542
1503754,3.24,24.15,26.35,18.24,15.23,8.06,2.42,1.14,0.3,0.87,3.6552
1503804,0.93,5.99,8.95,20.59,25.46,19.34,8.53,5.62,1.04,3.54,5.1489
1503903,5.94,22.4,25.37,20.34,13.86,6.27,2.87,1.78,0.52,0.66,3.6074
1504000,3.3,24.63,38.94,18.82,8.6,2.99,1.1,0.78,0.62,0.2,3.2712
1504059,2,7.05,12.24,17.28,24.86,17.8,7.86,6.14,2,2.76,5.0278
1504109,0.96,8.39,13.33,20.92,20.56,17.44,9.41,5.38,1.72,1.89,4.9214
1504208,1.46,7.19,13.37,24.57,21.31,14.85,7.48,4.93,2.31,2.52,4.8767
1504307,2.14,11.3,21.5,26.2,15.9,12.19,5.98,3.08,0.93,0.77,4.2925
1504406,2.39,11.95,18.88,22.49,19.28,12.43,6.19,3.51,1.32,1.56,4.4276
1504422,2.73,9.01,16.51,18.86,19.9,15.07,9.29,5.17,1.65,1.79,4.7478
1504455,2.28,6.35,11.7,29.54,22.76,15.61,6.82,2.71,1.04,1.19,4.6638
1504505,6.79,17.42,30.07,21.88,12.31,6.41,2.52,1.14,0.89,0.58,3.5994
1504604,6.56,13.25,27.76,19.75,14.5,10.63,2.76,2.2,1.53,1.07,3.9301
1504703,8.09,17.06,24.47,23.6,14.27,5.76,2.63,2.18,1.05,0.89,3.7013
1504802,5.45,12.12,18.44,26.1,16.9,10.59,5.83,2.62,0.84,1.1,4.1778
1504901,4.75,15.3,33.01,25.47,11.18,6.01,1.84,1.96,0.31,0.17,3.6127
1504950,4.9,9.99,17.72,32.61,18.42,7.05,3.99,3.61,1.54,0.15,4.1505
1504976,0.57,3.75,9.62,30.51,22.1,18.38,8.24,3.24,2.61,0.98,4.9664
1505007,2.76,7.27,15.16,30.33,20.96,11.71,4.46,5.06,1.03,1.25,4.5263
1505031,2.94,8.64,8.44,20.45,26.82,17.65,6.54,3.77,1.79,2.96,4.8899
1505064,1.83,4.36,10.18,36.19,23.91,12.28,6.84,2.45,0.86,1.1,4.653
1505106,6.8,19.37,23.02,21.72,12.19,9.09,3.86,1.55,1.23,1.18,3.7926
1505205,6.63,25.14,31.89,18.61,8.25,4.53,2.97,1.28,0.23,0.47,3.3325
1505304,8.55,15.93,19.8,17.81,13.43,13.13,5.34,2.64,2.01,1.35,4.0707
1505403,3.84,5.46,13.92,24.36,20.14,14.54,8.98,5.03,1.43,2.3,4.8087
1505437,4.56,10.54,13.09,25.51,20.44,13.34,5.17,3.68,2.12,1.55,4.494
1505486,2.33,7.92,10.08,31.11,24.63,13.29,6.04,2.97,0.52,1.12,4.5766
1505494,0.58,2.81,9.9,36.05,17.39,16.63,8.98,3.51,2.5,1.65,4.9677
1505502,2.24,7.34,12.33,21.73,23.54,16.41,7.65,4.46,2.01,2.28,4.8711
1505536,4.19,11.18,20.68,17.4,19.99,11.12,6.84,4.55,2.23,1.83,4.4751
1505551,3.52,4.2,8.18,24.53,25.24,18.33,7.33,5.03,1.44,2.21,4.9737
1505601,3.67,6.79,13.35,28.9,20.08,14.32,5.96,3.21,2.27,1.46,4.6165
1505635,1.68,3.79,5.5,38.4,22.96,14.73,7.31,2.75,1.62,1.25,4.8279
1505650,2.62,4.13,8.68,39.46,23.97,14.47,4.05,1.75,0.55,0.32,4.5193
1505700,3.15,13.07,35.63,21.17,16.21,5.17,2.12,1.98,0.57,0.92,3.7794
1505809,16.98,21.87,24.16,15.13,10.5,5.95,2.35,1.79,0.69,0.58,3.247
1505908,11.87,13.85,26.82,22.25,13.88,6.36,3.65,0.56,0.27,0.51,3.5415
1506005,10.87,19.26,25.46,21.33,12,5.92,2.89,1.42,0.44,0.41,3.4626
1506104,2.18,7.83,15.92,25.87,20.44,15.95,5.58,4.07,1.13,1.02,4.5897
1506112,3.27,9.04,13.69,29.35,20.78,11.6,5.93,4.21,1.15,0.97,4.4856
1506138,0.51,4.18,9.2,19.47,27.48,16.48,9.83,5.6,2.46,4.79,5.3428
1506161,0.79,4.8,7.18,20.08,22.38,18.42,12.77,7.72,3.82,2.04,5.406
1506187,1.86,5.44,8.31,19.04,28.79,17.1,10.28,4.82,2.15,2.21,5.1235
1506195,1.3,3.82,8.48,32.42,29.96,14.38,5.71,2.55,0.65,0.75,4.7386
1506203,4.69,9.91,12.56,18.42,24.17,13.84,9.88,3.09,1.65,1.79,4.6639
1506302,5.28,12.05,18.78,18.32,20.04,12.61,8.47,2.42,1.23,0.8,4.3258
1506351,8.62,14.82,16.39,16.93,20.41,11.54,6.45,3.74,0.64,0.46,4.1187
1506401,1.14,12.78,33.22,27.49,17.02,4.99,1.93,0.88,0.37,0.18,3.7704
1506500,4.63,12.77,16.45,21.2,18.7,13.71,5.63,3.7,2.05,1.17,4.3924
1506559,2.1,5.96,13.25,27.15,21.03,16.55,6.41,3.73,1.83,1.99,4.779
1506583,1.12,10.14,14.64,31.92,23.75,9.15,4.24,2.73,0.96,1.36,4.4041
1506609,2.6,8.66,15.39,24.58,21.84,14.78,5.83,2.8,1.71,1.79,4.5879
1506708,0.5,5.05,8.37,23.4,28.79,19.59,7.13,4.03,1.2,1.93,5.0305
1506807,3.47,9.08,14.44,19.33,23.4,14.36,8.22,4.32,1.54,1.85,4.6989
1506906,2.22,6.99,9.81,38.38,20.68,12.59,4.41,2.27,1.51,1.14,4.5211
1507003,4.85,11.69,15.03,18.09,21.09,13.71,8.28,5.1,1.1,1.06,4.5265
1507102,4.06,10.45,24.82,21.93,18.91,10.46,4.92,2.64,1.27,0.55,4.1694
1507151,1.51,3.14,10.78,31.59,20.43,16.7,9.21,4,1.32,1.33,4.9049
1507201,4.36,12.06,27.1,30.39,12.31,7.17,2.61,1.71,1.79,0.49,3.8887
1507300,0.83,3.78,5.98,23.55,28.3,20.97,7.16,6.05,2.51,0.85,5.1746
1507409,2.48,8.91,14.13,24.11,24.26,15.29,5.72,2.88,1.11,1.11,4.5634
1507458,1.39,2.81,5.86,28.27,24.4,18.13,9.25,5.41,2.34,2.14,5.1894
1507466,4.29,9.71,18.62,21.23,22.94,11.02,7.78,3.1,1.04,0.26,4.3653
1507474,7.67,11.52,17.53,26.71,16.73,10.56,5.21,2.69,0.98,0.4,4.0796
1507508,2.07,3.97,9.91,39.44,22.78,10.98,5.32,3.64,1.05,0.83,4.6139
1507607,2.61,9.67,15.71,23.94,19.45,14.4,6.61,3.81,2.4,1.4,4.6084
1507706,5.26,20.17,36.1,21.93,7.21,4.78,2.1,1.09,0.78,0.59,3.4269
1507755,0.74,3.88,7.62,21.16,33.53,14.96,10.37,3.98,1.67,2.08,5.1367
1507805,6.85,11.76,18.64,29.99,16.14,10.42,2.76,2.19,0.73,0.52,3.9808
1507904,4.07,16.19,16.76,16.26,22.78,11.65,6.51,3.11,1.9,0.78,4.3092
1507953,4.38,9.01,12.48,24.85,23.2,15.21,6.15,3.41,0.69,0.61,4.4914
1507961,2.45,13.36,20.33,19.28,19.64,12.01,6.08,3.46,1.84,1.55,4.3984
1507979,5.8,16.42,13.77,19.89,17.43,14,7.12,3.85,0.63,1.09,4.2787
1508001,4.27,9.97,19.95,24.48,18.64,11.34,6.93,2.8,0.55,1.06,4.2968
1508035,3.78,7.39,20.54,28.84,19.6,11.07,4.78,2.2,1.3,0.51,4.2782
1508050,1.48,5.06,8.86,34.53,26.98,14.74,3.83,2.64,0.9,0.98,4.6547
1508084,2.41,7,11.84,19.12,26.34,17.59,8.01,4.25,1.56,1.87,4.8846
1508100,3.2,7.18,9.65,17.92,22.55,19.42,9.7,5.38,2.16,2.84,5.0624
1508126,1.62,4.33,8.2,23.17,29.87,22.09,5.18,2.47,1.15,1.92,4.9502
1508159,2.42,6.05,10.12,25.57,26.33,15.77,7.91,3.43,1.51,0.88,4.7863
1508209,4.19,12.75,18.69,20.43,20.29,11.54,6.69,3.11,1.56,0.74,4.3132
1508308,2.66,6.57,16.2,32.8,16.53,14.25,5.44,3.19,1.41,0.95,4.4954
1508357,2.8,4.61,12.05,29.13,21.46,18.06,7.99,2.13,0.79,0.99,4.7033
1508407,1.03,5.14,8.09,20.27,27.19,15.86,11.47,5.19,2.52,3.25,5.2476
1600055,5.4,13.68,17.83,14.75,19.91,15.64,6.83,2.82,1.04,2.12,4.3957
1600105,8.98,8.02,16.79,20.13,23.47,13.71,5.07,1.94,0.46,1.43,4.2497
1600154,13.92,17.23,13.73,23.4,16.93,9.87,2.59,0.27,1.07,0.98,3.6676
1600204,14.16,10.12,15.69,20.4,15.64,14.81,4.18,3.32,0.68,1,4.0207
1600212,4.86,9.51,17.34,27.88,19.17,11.35,4.76,3.04,1.5,0.58,4.2831
1600238,4.14,11.91,16.55,15.32,18.98,15.27,9.95,4.06,1.54,2.29,4.643
1600253,12.13,18.36,26.69,19.58,13.17,6.8,2.12,0.52,0.61,0,3.3838
1600279,8.66,13.24,19.12,18.97,16.82,10.1,7.75,3.38,1.29,0.66,4.1258
1600303,3.76,9.48,13.78,17.6,21.28,14.65,8.54,5.43,2.02,3.46,4.8476
1600402,7.97,10.17,19.59,26.28,15.96,8.9,6.64,1.68,1.61,1.2,4.1181
1600501,8.28,19.61,17.38,15.19,18.29,10.39,5.64,3.49,0.46,1.26,3.9833
1600535,8.9,11.42,16.17,20.11,21.06,11.43,6.23,2.42,1.26,1,4.1888
1600550,10.38,9.09,20.98,19.42,23.56,7.88,2.88,2.89,1.56,1.35,4.0508
1600600,4.59,10.26,14.08,20.25,21.52,14.35,8.13,3.72,1.54,1.56,4.5818
1600709,6.92,14.82,16.13,21.85,24.47,10.36,2.96,0.9,1.21,0.39,3.9957
1600808,10.48,13.52,24.13,24.89,14.39,7.63,2.25,1.1,1.43,0.19,3.6652
1700251,0.76,3.66,11.65,23.97,24.26,14.6,12.01,4.89,2.3,1.9,5.107
1700301,1,8.1,10.38,24.33,25.68,13.83,8.99,3.69,2.12,1.89,4.8747
1700350,0.15,0.52,3.98,13.04,28.12,22.44,13.52,11.16,3.05,4.02,5.921
1700400,0.26,2.03,6.5,15.47,25.43,22.27,16.13,6.39,2.46,3.07,5.6334
1700707,0.51,2.41,4.66,10.53,25.55,22.74,15.08,9.32,4.5,4.7,5.9324
1701002,1.26,3.37,3.79,21.12,28.7,17.09,12.98,5.45,4.17,2.07,5.4258
1701051,0.86,1.39,5.54,29.34,25.52,17.72,10,5.17,2.75,1.71,5.2475
1701101,0,3.19,7.06,12.23,35.75,17.81,11.2,5.55,4.46,2.74,5.5243
1701309,0.67,1.73,10.94,27.01,25.48,15.9,10.78,4.25,2.79,0.46,5.0696
1701903,1.04,7.18,9.87,18.28,32.52,14.36,7.19,3.93,2.1,3.53,5.0286
1702000,0.39,2.22,5.91,8.63,27.83,22.88,12.73,7.89,6.59,4.93,5.9435
1702109,1.02,6.1,13.92,14.07,23.45,15.83,10.1,7.43,2.79,5.29,5.3164
1702158,1.08,1.71,6.79,36.77,27.28,11.51,9.27,2.35,2.38,0.87,4.9122
1702208,0.92,2.63,9.47,30.24,21.88,15.66,10.58,4.49,1.54,2.59,5.0865
1702307,0.72,2.38,6.23,15.78,28.21,19.44,12.3,7.78,3.4,3.76,5.6152
1702406,0.61,2.69,7.62,11.9,25.14,16.72,16.09,7.42,4.83,6.99,5.8783
1702554,1.33,2.33,7.96,22,27.74,15.24,12.62,5.52,2.03,3.23,5.3108
1702703,0,1.02,2.7,14.14,25.7,24.99,13.26,9.57,5.67,2.95,5.9505
1702901,0.16,2.18,7.13,28.5,21.36,17.69,9.82,5.91,5.16,2.07,5.3601
1703008,0.11,4.73,10.72,20.24,26.8,19.49,10.83,3.37,1.78,1.92,5.1162
1703057,0.28,4.3,5.66,13.95,23.21,20.49,15.14,9.57,4.38,3.02,5.7281
1703073,1.33,4.53,12.95,20.29,25.65,17.47,8.61,4.53,2.59,2.03,5.0359
1703107,0.26,0.39,5.16,18.56,25.88,21.86,12.58,6.88,3.76,4.66,5.7486
1703206,0,1.92,6.74,21.99,28.23,18.56,9.92,7.74,3.37,1.53,5.4152
1703305,1.46,7.67,12.03,21.98,22.38,15.35,7.52,3.4,3.25,4.95,5.034
1703602,0,2.2,7.39,19.52,25.74,18.24,9.82,9.99,4.97,2.14,5.5758
1703701,0,1.76,2.36,10.63,32.99,23.5,11.66,8.37,4.9,3.82,5.8995
1703800,0.98,1.9,11.56,25.35,30.45,13.28,8.89,3.22,2.61,1.75,5.0177
1703826,1.32,1.91,7.67,31.65,25.29,12.01,9.86,4.79,2.04,3.46,5.1356
1703842,1.89,6.64,15.63,28.47,22.16,11.24,7.61,3.23,1.31,1.82,4.6328
1703867,0,1.13,7.75,11.19,36.67,20.76,11.07,7.95,1.42,2.07,5.5275
1703883,0,1.08,3.91,28.13,31.57,13.63,9.61,5.75,3.84,2.48,5.3867
1703891,0.3,0.33,4.66,29.08,31.18,21.58,8.43,2.43,1.46,0.55,5.1373
1703909,0.46,3.38,22.25,20.89,20.91,14.54,7.84,5.17,2.54,2.01,4.8852
1704105,1.01,5.86,14.46,23.13,29.62,11.35,7.67,2.19,3.55,1.16,4.7959
1704600,0.4,1.39,2.09,8.93,44.41,16.4,11.58,9.06,3.81,1.93,5.7275
1705102,1.02,6.64,10.49,22.33,22.63,16.03,10.97,5.67,2.39,1.82,5.0628
1705508,1.47,5.67,9.29,15.43,22.58,16.35,11.02,7.72,4.03,6.45,5.5307
1705557,0.2,2.18,3.79,10.06,27.35,22.88,14.78,10.47,4.72,3.57,5.956
1705607,0,2.37,7.96,17.88,26.19,15.75,14.13,6.62,5.22,3.89,5.6334
1706001,0.17,3.26,7.97,28.63,32.83,12.19,7.3,4.14,1.76,1.76,5.0007
1706100,0.44,1.14,4.6,12.15,24.14,22.63,13.63,8.78,5.15,7.34,6.07
1706258,1.63,2.83,10.4,23.01,24.04,14.8,8.22,6,4.28,4.8,5.3159
1706506,0.98,4.19,11.02,30.57,24.61,15.59,7.56,3.79,1.28,0.41,4.8015
1707009,0.53,2.57,6.34,10.49,23.64,21.6,15.03,9.36,3.93,6.51,5.9501
1707108,1.09,2.7,6.02,13.51,26.65,21.36,12.87,8.16,4.78,2.84,5.6679
1707207,0.42,4.07,8.44,24.68,30.03,14.52,9.12,4.82,2.11,1.79,5.0916
1707306,0,2.92,9.55,17.52,23.29,18.09,14.8,8.41,2.49,2.94,5.5225
1707405,0.27,1.4,12.42,34.24,23.54,18.53,5.63,2.81,1.16,0,4.785
1707553,0,2.2,5.53,12.66,32.71,18.64,15.16,6.61,2.68,3.81,5.6824
1707652,0,0.36,4.91,13.25,30.64,21.19,13.92,9.13,3.78,2.83,5.8159
1707702,0.66,5.03,10.65,20.89,22.17,17.21,10.53,6.33,2.95,3.58,5.2704
1708205,0.62,4.58,7.13,15.93,21.55,22.49,14.25,6.82,3.36,3.27,5.5483
1708254,0.31,2.89,3.8,16.6,26.86,23,11.67,9.65,3.59,1.64,5.6379
1708304,0.62,1.06,6.14,14.97,37.01,16.92,10.59,4.82,4.18,3.68,5.5472
1709005,10.95,6.68,12.22,19.88,21.16,13.68,7.3,4.92,1.72,1.5,4.4931
1709302,0.73,2.16,7.29,11.12,27.69,16.78,14.35,7.23,4.25,8.4,5.9107
1709500,0.33,4.07,8.44,10.89,22.83,18.94,13.71,9.09,4.76,6.93,5.8597
1709807,0.4,1.85,3.3,24.53,17.98,21.56,16.06,9.91,4.08,0.33,5.631
1710508,1.85,8.15,7.17,14.9,21.9,17.16,12.02,5.97,5.37,5.51,5.4705
1710706,0.78,3.15,11.76,30.28,21.35,15.55,8.19,4.77,2.22,1.96,4.986
1710904,0.31,4.53,13.39,24.36,21.66,19.09,7.45,5.78,1.72,1.7,5.0069
1711100,0.69,1.02,3.63,22.03,23.72,17.96,16.67,6.33,4.85,3.1,5.7008
1711506,0.24,1.85,5.36,13.63,25.17,20.37,14.11,11.82,4.41,3.04,5.8603
1711803,0.28,4.78,11.54,17.46,32.82,15.05,6.56,5.93,2.81,2.78,5.1515
1711902,4.71,9.21,9.79,19.3,24.05,15.86,8.73,4.47,1.6,2.28,4.7918
1711951,1.83,3.06,9.24,25.97,21.54,21.12,9.27,5.03,1.87,1.08,5.0673
1712009,0.23,4.57,10.18,26.1,23.35,15.7,9.4,4.34,3.97,2.16,5.1311
1712157,2.31,2.49,4.37,12.55,21.28,21.71,18.23,8.31,5.62,3.12,5.8313
1712405,1.13,2.74,9.02,21.08,26.57,15.14,11.96,5.96,3.16,3.25,5.3402
1712454,1.01,2.02,11.39,27.29,18.6,15.2,10.65,7.57,2.69,3.57,5.276
1712504,0.73,3.3,7.55,22.28,32.08,14.91,7.18,6.96,2.54,2.47,5.2246
1712702,0.38,7.5,11.43,12.29,34.54,18.08,6.09,4.05,3.85,1.77,5.0739
1712801,0.4,3.07,14.62,29.78,26.62,12.04,9.28,2.85,0.79,0.56,4.7533
1713205,0.51,2.55,7.63,14.16,27.69,19.68,11.39,7.03,4.49,4.87,5.6675
1713304,0.49,2.24,4.98,15.71,23.22,21.27,15.51,8.46,4.27,3.85,5.7965
1713601,0.97,3.62,6.21,17.52,21.07,22.39,14.46,7.59,2.72,3.45,5.5753
1713700,0,2.24,6.89,22.29,29.5,19.88,7.93,5.88,1.76,3.63,5.3578
1713809,1.63,3.95,8.09,19.53,30.84,16.74,9,4.89,4,1.33,5.1798
1713957,0.75,3.44,11.72,30.09,17.43,16.34,10.92,4.78,1.61,2.91,5.0661
1714203,1.54,3.51,7.39,17.51,17.83,20.65,14.53,5.96,5.1,5.97,5.6881
1714302,0.27,2.12,2.9,13.94,21.26,26.39,15.76,7.76,4.54,5.06,5.9747
1714880,0.48,2.97,10.09,19.18,25.35,20.66,11.59,5.52,1.93,2.23,5.2908
1715002,0,0.46,5.47,13.14,29.92,22.49,16.01,6.79,3.73,2,5.7439
1715101,0.44,2.11,4.07,12.27,29.72,18.41,12.34,8.35,6.18,6.11,5.9491
1715150,0,0.49,2.57,8.92,21.06,24.53,20.92,10.95,7.14,3.42,6.2935
1715259,0.99,1.88,4.17,17.45,22.93,19.69,17.76,6.04,4.46,4.62,5.7883
1715507,1.09,1.55,7.56,10.42,40.41,14.47,11.58,7.07,3.63,2.22,5.4991
1715705,1.36,7.39,16.29,28.66,23.26,8.62,7.27,2.85,1.96,2.34,4.624
1715754,0.87,2.95,6.44,12.43,22.35,20.14,16.81,9.25,4.34,4.42,5.8333
1716109,0.59,2.35,7.4,11.29,24.03,19.73,13.4,9.37,4.93,6.91,5.9341
1716208,1.76,6.71,10.1,20.02,20.61,18.05,10.47,5.14,3.17,3.95,5.1935
1716307,0.96,4.15,7.54,19.79,32.03,15.77,11.95,3.58,2.16,2.07,5.1824
1716505,0.48,5.77,10.36,12.84,22.6,17.31,12.81,8.04,4.33,5.47,5.5898
1716604,1,3.06,7.94,20.46,33.6,16,8.66,4.97,2.5,1.82,5.1786
1716653,1.39,4.94,8.55,22.88,25.64,14.4,8.8,7.23,4.08,2.07,5.199
1716703,0,1.35,6.81,13.28,33.61,20.35,12.77,5.35,3.3,3.17,5.5999
1717008,0.64,3.2,10.34,16.67,22.11,15.99,16.71,8.82,3.85,1.68,5.5021
1717206,0.38,6.02,13.65,33.61,20.15,13.66,7.82,2.76,0.9,1.04,4.6584
1717503,0.78,4.36,7.12,14.84,30.57,17.25,12.75,6.4,2.39,3.53,5.4383
1717800,0.21,1.46,4.54,12.56,23.14,25.14,13.05,9.69,3.97,6.23,6.0043
1717909,0.5,4.26,7.19,18.95,27.17,16.73,11.71,8.56,2.71,2.21,5.3956
1718006,0,2.29,3.82,12.75,22.97,22.11,18.53,11.06,2.65,3.82,5.9479
1718204,0.73,2.79,6.78,13.76,25.57,18.2,13.37,8.1,3.96,6.75,5.8027
1718303,0.2,2.21,7.12,30.68,28.5,18.27,7.04,3.59,1.5,0.88,5.0112
1718402,1.05,1.25,10.29,17.27,24.7,16.58,12.81,6.7,3.96,5.4,5.5939
1718451,0.22,1.82,8.31,21.89,23.51,19.67,10.59,7.07,3.04,3.88,5.4877
1718501,2.58,9.3,25.13,25.01,15.48,11.31,5.73,3.13,1.75,0.59,4.2867
1718550,0.72,4.58,16.57,29.31,18.96,18.31,5.31,3.2,2.35,0.7,4.7241
1718659,0,1.25,3.89,31.42,24.37,15.51,14.01,4.72,1.83,3,5.3706
1718709,1.04,3.46,9.46,21.71,25.02,19.89,10.35,5.65,2.61,0.82,5.1696
1718758,1.57,5.26,13.79,16.07,27.06,15.07,7.48,8.75,2.97,1.99,5.1245
1718808,1.55,2.6,8,30.39,28.65,12.95,8.1,3.86,2.31,1.59,4.9753
1718840,0,1.29,6.59,21.36,34.03,18.17,10.45,3.52,2.58,2.02,5.3169
1718865,0.91,4.11,10.4,32,22.17,14.08,8.57,4.09,2.12,1.55,4.9095
1718881,2.15,4.22,12.45,19.43,24.06,16,10.02,8.12,2.24,1.3,5.1022
1718899,0.64,2.18,6.12,22.64,32.04,13.65,10.37,6.22,3.95,2.2,5.3592
1718907,0.42,2.74,8.13,16.95,25.46,18.63,14.97,7.17,3.74,1.8,5.5098
1719004,0.63,2.55,7.41,17.77,22.6,23.73,12.96,9.09,0.8,2.46,5.4966
1720002,0.3,2.23,7.52,16.3,25.14,21.45,9.74,9.91,5.4,2.02,5.6318
1720101,0.47,4.75,9.4,25.45,26.09,20.73,6.74,4.06,1.85,0.46,4.9571
1720150,0.87,5.87,24.08,13.33,31.33,11.04,5.86,3.99,1.25,2.39,4.6915
1720200,0.87,3.42,9.12,24.76,25.39,20.02,7.43,3.85,2.47,2.67,5.1292
1720259,1.06,3.31,8.04,20.09,26.82,20.45,11.3,6.56,1.14,1.22,5.23
1720309,0.25,2.88,9.28,41.91,19.82,15.19,4.39,3.24,1.99,1.05,4.7679
1720499,0.68,3.41,4.68,14.49,32.55,20.63,12.57,5.19,2.93,2.87,5.5061
1720655,0.58,1.69,3.3,16.06,27.62,27.05,13.02,7.47,2.16,1.06,5.5944
1720804,0.52,2.07,7.14,22.63,24.06,23.65,9.69,5.55,2.47,2.21,5.3536
1720853,0.33,2.85,9.07,22.26,23.48,18.95,9.56,5.94,3.9,3.64,5.3932
1720903,0.26,0.93,5.2,14.04,21.61,22.48,16.5,9.53,4.79,4.67,5.9836
1720937,0,2.21,6.32,12.91,25.91,16.35,16.41,10.74,6.23,2.92,5.8873
1720978,1,5.15,5.68,29.61,15.83,19.03,10.63,6.68,1.13,5.26,5.3073
1721000,0.87,6.82,16.01,14.09,22.52,12.45,10.68,7.11,3.74,5.71,5.286
1721109,5.12,11.37,16,16.56,17.28,14.46,7.81,6.33,1.96,3.11,4.6931
1721208,0.14,2.96,6.91,26.37,21.04,17.88,9.99,7.76,3.49,3.44,5.4257
1721257,1.05,8.39,15.86,18.53,27.35,14.04,6.99,3.41,2.05,2.33,4.7848
1721307,0,2.25,6.21,41.04,21.07,15.05,5.35,4.18,2.03,2.82,5.003
1722081,0.94,4.41,7.9,28.51,21.81,17.4,9.28,4.32,1.39,4.04,5.1338
1722107,0.42,3.51,5.58,26.33,24.41,17.75,11.26,4.26,2.86,3.62,5.3289
2100055,0.87,4.05,8.89,20.7,25.73,19.04,11.07,5.06,2.39,2.19,5.2271
2100105,0.75,1.11,11.16,25.68,26.29,21.88,5.44,4.03,1.33,2.34,5.0759
2100154,0.85,2.66,5.74,14.53,19.43,27.99,15.69,8.21,2.5,2.42,5.6881
2100204,0.7,2.96,10.51,42.42,22.03,10.5,6.33,2.69,1.26,0.59,4.6405
2100303,0.3,2.15,15.34,28.66,26.33,16.71,5.8,1.62,1.82,1.26,4.7971
2100402,0,1.27,5.61,22.72,21.08,27.25,9.04,5.88,3.67,3.48,5.573
2100436,0.52,2.27,12.18,28.48,25.38,16.89,8.15,3.76,1.49,0.89,4.932
2100477,0.44,2.86,10.11,31.18,17.29,20.9,8.75,5.57,2.26,0.65,5.0571
2100501,0.32,4.54,5.96,16.08,22.88,18.6,12.34,10.13,5.22,3.93,5.713
2100550,2.49,4.57,9.46,29.79,21.37,20.02,6.26,3.37,1.54,1.12,4.8198
2100600,4.25,6.69,13.18,25.81,20.29,13.67,7.44,4.13,2.49,2.06,4.7201
2100709,0.86,3.08,14.17,33.13,19.42,16.75,7.05,3.91,1.15,0.48,4.7543
2100808,0.69,2.65,5.54,16.9,21.95,29.06,12.32,6.27,1.95,2.68,5.5507
2100832,0.62,3.25,12.09,29.76,20.73,17.47,9.12,3.17,1.89,1.89,4.9601
2100873,3.37,2.39,5.93,27.61,26.25,20.26,5.54,5.06,2.14,1.44,5.0211
2100907,1.02,4.99,13.28,22.3,18.81,20.35,8.78,6.13,1.9,2.43,5.0809
2100956,2,6.76,11.78,26.56,20.5,18.1,6.48,4.35,2.1,1.38,4.8106
2101004,0.18,1.8,9.41,23.95,20.09,22.93,10,7.44,2.13,2.07,5.3523
2101103,1.51,2.86,10.9,21.23,24,15,9.77,6.31,4.28,4.14,5.3364
2101202,0.65,3.05,8.67,22.3,22.38,19.6,11.55,5.56,2.94,3.32,5.3645
2101251,0.59,4.22,12.17,33.83,17.26,15.96,8.42,3.96,1.86,1.73,4.8758
2101301,0.45,1.59,8.86,35.23,24.1,18.03,5.89,3.56,1.47,0.81,4.9085
2101350,1.19,4.25,17.4,29.82,23.11,12.44,6.95,2.94,1.11,0.8,4.6152
2101400,1.59,4.31,8.92,16.11,21.87,18.32,13.27,7.87,3.67,4.07,5.5026
2101509,0.67,2.11,4.16,11.39,21.54,24.19,13.83,11.98,5.02,5.11,6.047
2101608,1.87,2.93,8.82,21.15,22.85,19.76,10.93,7.03,2.13,2.53,5.2882
2101707,1.51,5.04,8.14,24.25,22.35,19.07,10.83,4.08,2.77,1.98,5.1236
2101731,0.58,3.88,15.24,31.29,22.25,16.57,4.63,2.74,1.29,1.53,4.7113
2101772,0.14,2.44,10.43,26.06,23.28,21.11,7.48,4.7,3.29,1.07,5.1388
2101806,0.4,1.44,4.26,12.83,20.28,27.42,13.48,11.76,2.88,5.25,6.0016
2101905,0.56,3.05,11.7,42.22,15.84,16.39,6.22,2.48,1.02,0.5,4.6574
2101939,1.17,1.32,3.33,19.97,22.1,25.33,10.79,7.34,3.32,5.32,5.7349
2101970,3.12,7.81,13.02,27.28,24.09,12.42,6.02,3.72,1.28,1.22,4.5751
2102002,1.01,3.01,9.77,29.27,24.88,17.76,7.37,3.69,1.21,2.04,4.9678
2102036,1.67,3.07,8.01,40.56,23.81,12.56,5.16,3.11,1.41,0.64,4.6858
2102077,0.05,2.86,4.05,24.13,26.92,26.41,7.62,5.57,1.05,1.34,5.2825
2102101,0.38,2.22,6.31,16.6,21.05,29.8,13.07,4.76,2.87,2.94,5.59
2102150,0,0.88,4,22.77,18.99,29.74,11.99,6.3,2.55,2.77,5.6321
2102200,1.12,3.79,13.22,19.98,18.84,23.14,11.93,5.16,1.87,0.93,5.1224
2102309,1.04,1.73,5.17,17.56,24.12,21.57,12.69,8.84,3.56,3.73,5.6916
2102325,0.89,3.02,7.38,33.72,22.5,19.94,5.52,4.27,1.36,1.42,4.9533
2102358,0.69,2.12,7.87,22.27,23.3,20.59,12.2,5.08,3.68,2.2,5.3882
2102374,1.22,5.1,14.5,37.74,15.69,14.5,7.19,1.29,0.98,1.8,4.588
2102408,0.52,2.53,16.29,37.97,19.95,11.03,7.31,2.49,1.14,0.77,4.6131
2102507,0.44,1.77,21.86,42.14,16.37,10.85,3.83,1.72,0.54,0.48,4.353
2102556,2.67,4.84,9.91,21.77,24.55,17.44,10.68,4.64,1.88,1.63,5.0165
2102606,2.58,5.14,12.51,32.21,16.72,12.52,7.74,6.55,1.76,2.26,4.8297
2102705,0.39,2.62,10.68,31.28,28.31,14.09,5.64,3.28,2.06,1.65,4.8964
2102754,0,1.66,7.73,26.28,25.73,19,11.23,4.57,2.08,1.72,5.2537
2102804,0,3.64,7.71,16.88,25.11,17.86,11.47,8.36,3.8,5.16,5.6361
2102903,4.46,10.77,18.03,24.57,16.6,12.51,7.14,1.69,1.73,2.51,4.406
2103000,0.73,2.22,9.03,19.53,29.03,16.97,10.22,5.87,3.05,3.34,5.367
2103109,0.41,2.04,7.38,22.8,24.35,24.86,8.87,4.95,2.32,2.02,5.3151
2103125,0.05,1.79,6.16,31.95,28.48,15.77,9.75,4.17,1.17,0.71,5.0617
2103158,0.48,3.48,9.59,34.83,21.05,18.57,6.13,2.28,1.52,2.07,4.8773
2103174,1.8,6.12,10.85,38.01,19.61,14.52,5,2.59,0.7,0.82,4.5402
2103208,0.29,1.76,10.71,20.04,24.71,19.52,11.77,5.87,2.73,2.6,5.3669
2103257,0.8,3.8,6.51,21.11,26.9,19.72,10.3,5.48,3.96,1.42,5.3097
2103307,0.55,1.9,11.58,25.47,23.61,16.82,9.9,5.82,2.11,2.24,5.1719
2103406,0.38,1.76,9.65,18.99,27.85,19.71,10.69,6.58,2.39,1.99,5.352
2103505,1.05,1.96,10.25,22.46,24.03,20.44,10.09,4.65,2.48,2.6,5.245
2103554,0.12,4.26,20.17,36.64,16.81,13.25,3.86,2.7,1.45,0.73,4.4823
2103604,0.6,1.6,12.36,25,24.51,18.9,9.28,3.69,2.48,1.59,5.0953
2103703,0.57,2.78,8.46,27.99,21.95,19.62,9.21,5.5,2.95,0.97,5.1566
2103752,1.42,2.97,7.47,20.32,28.05,17.82,12.6,5.9,2.5,0.95,5.2562
2103802,0.32,2.74,9.62,20.75,28.48,20.58,10.34,3.07,1.78,2.31,5.196
2103901,0.21,2.46,10.51,19.24,35.51,17.22,6.61,5.69,1.08,1.47,5.107
2104008,0.34,0.98,7.16,20.7,23.01,25.07,11.36,6.64,2.3,2.46,5.4999
2104057,2.6,6.7,10.58,16.82,22.73,20.8,9.02,5.73,2.12,2.91,5.1063
2104073,0.34,2.59,13.81,20.44,23.15,16.04,10.24,6.7,3.14,3.55,5.2974
2104081,5.13,7.59,18.48,29.09,17.8,13.13,5.16,1.43,0.97,1.22,4.2838
2104099,0.96,6.33,15.03,20.13,19.6,16.29,9.28,6.23,2.62,3.52,5.0855
2104107,0.65,3.83,13.78,19.25,19.13,19.04,10.2,7.91,3.35,2.86,5.2997
2104206,0.34,1.36,5.02,19.43,22.1,24.6,14.3,6.86,3.34,2.66,5.6558
2104305,1.53,4.58,16.55,29.87,20.88,13.17,6.33,3.85,1.49,1.74,4.6916
2104404,0.46,1.2,6.7,18.54,29.72,22.57,11.65,4.61,2.33,2.22,5.4274
2104503,0.18,2.54,10.37,18.74,25.89,20.29,10.77,6.33,3.01,1.86,5.3424
2104552,1.43,3.82,8.18,19.18,30.96,17.66,10.45,4.71,2.51,1.11,5.1561
2104602,0.49,1.45,9.63,18.06,20.65,24.51,11.55,7.44,2.97,3.26,5.5453
2104628,0.45,1.62,5.67,15.39,26,29.12,11.9,5.92,1.99,1.95,5.5505
2104651,0.67,3.58,7.3,27.68,24.54,20.21,9.62,2.65,2.73,1.02,5.0772
2104677,0.68,4.52,8.96,30.35,24.53,16.6,8.29,2.91,2.06,1.1,4.911
2104701,0.17,1.11,7.62,18.96,23.75,23,12.13,7.21,2.34,3.73,5.5879
2104800,1.97,4.36,10.06,25.27,20.95,16.54,9.53,5.95,2.58,2.78,5.1127
2104909,0.08,1.78,8.21,24.68,22.12,22.02,9.86,6.13,2.99,2.12,5.3588
2105005,1.96,5.95,19.52,30.18,16.96,14.3,6.2,3.08,1.04,0.82,4.4934
2105104,1.02,3.96,16.29,28.93,18.61,17.09,7.51,4.62,0.94,1.02,4.7731
2105153,0.36,1.16,7.73,30.09,20.63,20.35,11.08,5.65,1.68,1.27,5.2206
2105203,0.23,1.29,5.05,20.88,23.35,21.25,12.94,9.75,3.18,2.09,5.6383
2105302,0.68,3.26,9.57,15.99,23.84,19.36,12.31,7.36,3.49,4.14,5.5309
2105351,2.76,3.12,11.71,24.62,23.62,20.72,7.53,4.38,1.21,0.32,4.8687
2105401,0.49,3.39,7.78,32.2,22.97,16.72,9.18,3.72,2.17,1.38,5.0193
2105427,0.7,1.88,4.9,23.39,27.08,19.38,12.17,6.36,3.41,0.74,5.3856
2105450,0,0.74,6.45,20.92,24.42,26.06,10.6,6.74,2.91,1.17,5.4898
2105476,2.46,16,12.52,19.58,18.71,17.71,6.23,3.03,1.8,1.96,4.538
2105500,0.48,2.33,10.63,23.31,24.54,19.35,10.66,4.75,2.3,1.67,5.1909
2105609,0.44,1.72,6.81,23.9,24.13,26.71,8.6,2.97,2.64,2.09,5.2944
2105658,1.55,4.66,6.91,27.03,22.61,12.66,14.15,4.6,3.42,2.41,5.1946
2105708,0.77,3.21,6.49,24.53,21.01,22.04,10.93,6.09,2.47,2.46,5.3413
2105807,0.8,2,5.91,29.36,22.96,21.26,7.4,4.85,2.41,3.06,5.2522
2105906,0.24,3.69,14.77,35.14,16.7,15.04,6.63,4.52,1.8,1.47,4.797
2105922,0.3,1.56,4.87,13.97,18.51,34.36,14.13,6.59,2.69,3.04,5.7886
2105948,0.17,0.59,3.33,22.39,22.83,24.79,15.21,6.01,2.6,2.08,5.6254
2105963,0.65,1.66,4.91,32.83,27.64,20.6,4.14,4.03,2.34,1.21,5.062
2105989,1.16,4.91,12.35,19.91,21.9,17.9,11.48,6.27,2.08,2.06,5.1441
2106003,0.39,1.54,5.95,18.8,30.31,22.96,11.09,4.57,2.68,1.7,5.4114
2106102,0.21,1.95,5.16,17.35,21.35,23.67,14.48,8.24,4.45,3.14,5.7649
2106201,2.74,6.97,14.2,24.25,18.82,14.41,8.46,5.26,2.79,2.1,4.8425
2106300,0.45,2.21,7.18,17.01,26.36,20.63,12.64,7.59,3.17,2.77,5.5546
2106326,0.85,5.9,11.17,23.81,20.1,18.45,11.26,5.12,1.87,1.47,5.0391
2106359,1.89,6.4,14.11,29.8,17.58,22.09,3.87,2.4,0.86,0.99,4.6059
2106375,4.34,4.5,6.03,25.91,25.38,19.61,7.6,4.63,1.33,0.67,4.8854
2106409,0.29,0.85,6.15,19.89,25.88,26.98,10.15,6.99,1.29,1.54,5.4526
2106508,0.2,3.21,7.7,41.52,20.88,13.95,6.89,2.9,0.57,2.19,4.8236
2106607,0.4,3.17,10.3,19.06,24.6,22.52,9.67,6.04,2.56,1.68,5.2785
2106631,0.38,0.42,9.01,29.85,27.48,22.98,6.29,2.05,0.93,0.61,4.9783
2106672,0.16,3.43,5.46,15.78,21.54,29.05,14.42,6.9,2.01,1.24,5.5515
2106706,0.72,3.09,8.64,18.55,22.04,25.67,8.64,7.44,2.74,2.49,5.408
2106755,0.58,2.09,9.06,22.13,19.89,23.44,11.76,5.73,3.15,2.17,5.3876
2106805,1.03,2.13,7.14,23,24.68,20.95,10.93,6.76,1.79,1.58,5.3031
2106904,0.91,2.53,12.38,35.68,22.97,15.33,5.47,2.54,0.89,1.28,4.7208
2107001,1.79,5.43,13.45,28.51,16.11,15.27,8.7,4.45,3.32,2.97,4.9529
2107100,0.64,4.93,13.28,38.53,14.64,15.41,5.65,4.15,1.2,1.58,4.6947
2107209,0.25,3.14,12.59,39.48,19.8,12.34,6.38,2.68,1.85,1.49,4.7291
2107258,0.26,4.92,12.07,22.65,20.64,17,9.36,4.95,3.28,4.88,5.2555
2107308,0.62,1.68,7.03,11.58,19.21,32.77,10.13,8.82,3.78,4.37,5.8325
2107357,0.44,2.56,5.32,28.35,23.39,19.24,12.24,4.56,1.5,2.41,5.2707
2107407,0.2,1.91,5.06,25.88,18.79,25.39,11.87,5.25,2.4,3.25,5.482
2107456,1.23,3.19,10.14,40.05,21.28,14.28,5.67,2.33,1.22,0.6,4.6562
2107506,2.46,7.22,12.62,18.13,22.83,15.92,9.32,5.99,2.47,3.04,5.0274
2107605,1.31,4.3,11.03,39.14,19.58,15.38,5.05,1.81,1.2,1.2,4.6237
